time [s],Lmtc [m],STIM [ ],Fsee [N]
0.0,0.033,0.0,0.016765692427209714
0.0005,0.033,0.0,0.016765692427209714
0.001,0.033,0.0,0.016765692427209714
0.0015,0.033,0.0,0.016765692427209714
0.002,0.033,0.0,0.016765692427211272
0.0025,0.033,0.0,0.016765692427211272
0.003,0.033,0.0,0.016765692427211272
0.0035,0.033,0.0,0.016765692427211272
0.004,0.033,0.0,0.016765692427211272
0.0045000000000000005,0.033,0.0,0.016765692427211272
0.005,0.033,0.0,0.016765692427211272
0.0055,0.033,0.0,0.016765692427211272
0.006,0.033,0.0,0.01676569242721283
0.006500000000000001,0.033,0.0,0.01676569242721283
0.007,0.033,0.0,0.01676569242721283
0.0075,0.033,0.0,0.01676569242721283
0.008,0.033,0.0,0.01676569242721439
0.0085,0.033,0.0,0.01676569242721439
0.009000000000000001,0.033,0.0,0.01676569242721439
0.0095,0.033,0.0,0.01676569242721439
0.01,0.033,0.0,0.01676569242721439
0.0105,0.033,0.0,0.01676569242721439
0.011,0.033,0.0,0.01676569242721439
0.0115,0.033,0.0,0.01676569242721439
0.012,0.033,0.0,0.01676569242721439
0.0125,0.033,0.0,0.01676569242721439
0.013000000000000001,0.033,0.0,0.01676569242721439
0.0135,0.033,0.0,0.01676569242721439
0.014,0.033,0.0,0.01676569242721439
0.0145,0.033,0.0,0.01676569242721439
0.015,0.033,0.0,0.01676569242721439
0.0155,0.033,0.0,0.01676569242721439
0.016,0.033,0.0,0.01676569242721439
0.0165,0.033,0.0,0.01676569242721439
0.017,0.033,0.0,0.01676569242721439
0.0175,0.033,0.0,0.01676569242721439
0.018000000000000002,0.033,0.0,0.01676569242721439
0.0185,0.033,0.0,0.01676569242721439
0.019,0.033,0.0,0.01676569242721439
0.0195,0.033,0.0,0.01676569242721439
0.02,0.033,0.0,0.01676569242721439
0.0205,0.033,0.0,0.01676569242721439
0.021,0.033,0.0,0.01676569242721439
0.021500000000000002,0.033,0.0,0.01676569242721439
0.022,0.033,0.0,0.01676569242721439
0.0225,0.033,0.0,0.01676569242721439
0.023,0.033,0.0,0.01676569242721439
0.0235,0.033,0.0,0.01676569242721439
0.024,0.033,0.0,0.01676569242721439
0.0245,0.033,0.0,0.01676569242721439
0.025,0.033,0.0,0.01676569242721439
0.025500000000000002,0.033,0.0,0.01676569242721439
0.026000000000000002,0.033,0.0,0.01676569242721439
0.0265,0.033,0.0,0.01676569242721439
0.027,0.033,0.0,0.01676569242721439
0.0275,0.033,0.0,0.01676569242721439
0.028,0.033,0.0,0.01676569242721439
0.0285,0.033,0.0,0.01676569242721439
0.029,0.033,0.0,0.01676569242721439
0.029500000000000002,0.033,0.0,0.01676569242721439
0.03,0.033,0.0,0.01676569242721439
0.0305,0.033,0.0,0.01676569242721439
0.031,0.033,0.0,0.01676569242721439
0.0315,0.033,0.0,0.01676569242721439
0.032,0.033,0.0,0.01676569242721439
0.0325,0.033,0.0,0.01676569242721439
0.033,0.033,0.0,0.01676569242721439
0.0335,0.033,0.0,0.01676569242721439
0.034,0.033,0.0,0.01676569242721439
0.0345,0.033,0.0,0.01676569242721439
0.035,0.033,0.0,0.01676569242721439
0.035500000000000004,0.033,0.0,0.01676569242721439
0.036000000000000004,0.033,0.0,0.01676569242721439
0.0365,0.033,0.0,0.01676569242721439
0.037,0.033,0.0,0.01676569242721439
0.0375,0.033,0.0,0.01676569242721439
0.038,0.033,0.0,0.01676569242721439
0.0385,0.033,0.0,0.01676569242721439
0.039,0.033,0.0,0.01676569242721439
0.0395,0.033,0.0,0.01676569242721439
0.04,0.033,0.0,0.01676569242721439
0.0405,0.033,0.0,0.01676569242721439
0.041,0.033,0.0,0.01676569242721439
0.0415,0.033,0.0,0.01676569242721439
0.042,0.033,0.0,0.01676569242721439
0.0425,0.033,0.0,0.01676569242721439
0.043000000000000003,0.033,0.0,0.01676569242721439
0.043500000000000004,0.033,0.0,0.01676569242721439
0.044,0.033,0.0,0.01676569242721439
0.0445,0.033,0.0,0.01676569242721439
0.045,0.033,0.0,0.01676569242721439
0.0455,0.033,0.0,0.01676569242721439
0.046,0.033,0.0,0.01676569242721439
0.0465,0.033,0.0,0.01676569242721439
0.047,0.033,0.0,0.01676569242721439
0.0475,0.033,0.0,0.01676569242721439
0.048,0.033,0.0,0.01676569242721439
0.0485,0.033,0.0,0.01676569242721439
0.049,0.033,0.0,0.01676569242721439
0.0495,0.033,0.0,0.01676569242721439
0.05,0.033,0.0,0.01676569242721439
0.0505,0.033,0.0,0.01676569242721439
0.051000000000000004,0.033,0.0,0.01676569242721439
0.051500000000000004,0.033,0.0,0.01676569242721439
0.052000000000000005,0.033,0.0,0.01676569242721439
0.0525,0.033,0.0,0.01676569242721439
0.053,0.033,0.0,0.01676569242721439
0.0535,0.033,0.0,0.01676569242721439
0.054,0.033,0.0,0.01676569242721439
0.0545,0.033,0.0,0.01676569242721439
0.055,0.033,0.0,0.01676569242721439
0.0555,0.033,0.0,0.01676569242721439
0.056,0.033,0.0,0.01676569242721439
0.0565,0.033,0.0,0.01676569242721439
0.057,0.033,0.0,0.01676569242721439
0.0575,0.033,0.0,0.01676569242721439
0.058,0.033,0.0,0.01676569242721439
0.0585,0.033,0.0,0.01676569242721439
0.059000000000000004,0.033,0.0,0.01676569242721439
0.059500000000000004,0.033,0.0,0.01676569242721439
0.06,0.033,0.0,0.01676569242721439
0.0605,0.033,0.0,0.01676569242721439
0.061,0.033,0.0,0.01676569242721439
0.0615,0.033,0.0,0.01676569242721439
0.062,0.033,0.0,0.01676569242721439
0.0625,0.033,0.0,0.01676569242721439
0.063,0.033,0.0,0.01676569242721439
0.0635,0.033,0.0,0.01676569242721439
0.064,0.033,0.0,0.01676569242721439
0.0645,0.033,0.0,0.01676569242721439
0.065,0.033,0.0,0.01676569242721439
0.0655,0.033,0.0,0.01676569242721439
0.066,0.033,0.0,0.01676569242721439
0.0665,0.033,0.0,0.01676569242721439
0.067,0.033,0.0,0.01676569242721439
0.0675,0.033,0.0,0.01676569242721439
0.068,0.033,0.0,0.01676569242721439
0.0685,0.033,0.0,0.01676569242721439
0.069,0.033,0.0,0.01676569242721439
0.0695,0.033,0.0,0.01676569242721439
0.07,0.033,0.0,0.01676569242721439
0.07050000000000001,0.033,0.0,0.01676569242721439
0.07100000000000001,0.033,0.0,0.01676569242721439
0.07150000000000001,0.033,0.0,0.01676569242721439
0.07200000000000001,0.033,0.0,0.01676569242721439
0.0725,0.033,0.0,0.01676569242721439
0.073,0.033,0.0,0.01676569242721439
0.0735,0.033,0.0,0.01676569242721439
0.074,0.033,0.0,0.01676569242721439
0.0745,0.033,0.0,0.01676569242721439
0.075,0.033,0.0,0.01676569242721439
0.0755,0.033,0.0,0.01676569242721439
0.076,0.033,0.0,0.01676569242721439
0.0765,0.033,0.0,0.01676569242721439
0.077,0.033,0.0,0.01676569242721439
0.0775,0.033,0.0,0.01676569242721439
0.078,0.033,0.0,0.01676569242721439
0.0785,0.033,0.0,0.01676569242721439
0.079,0.033,0.0,0.01676569242721439
0.0795,0.033,0.0,0.01676569242721439
0.08,0.033,0.0,0.01676569242721439
0.0805,0.033,0.0,0.01676569242721439
0.081,0.033,0.0,0.01676569242721439
0.0815,0.033,0.0,0.01676569242721439
0.082,0.033,0.0,0.01676569242721439
0.0825,0.033,0.0,0.01676569242721439
0.083,0.033,0.0,0.01676569242721439
0.0835,0.033,0.0,0.01676569242721439
0.084,0.033,0.0,0.01676569242721439
0.0845,0.033,0.0,0.01676569242721439
0.085,0.033,0.0,0.01676569242721439
0.0855,0.033,0.0,0.01676569242721439
0.08600000000000001,0.033,0.0,0.01676569242721439
0.08650000000000001,0.033,0.0,0.01676569242721439
0.08700000000000001,0.033,0.0,0.01676569242721439
0.08750000000000001,0.033,0.0,0.01676569242721439
0.088,0.033,0.0,0.01676569242721439
0.0885,0.033,0.0,0.01676569242721439
0.089,0.033,0.0,0.01676569242721439
0.0895,0.033,0.0,0.01676569242721439
0.09,0.033,0.0,0.01676569242721439
0.0905,0.033,0.0,0.01676569242721439
0.091,0.033,0.0,0.01676569242721439
0.0915,0.033,0.0,0.01676569242721439
0.092,0.033,0.0,0.01676569242721439
0.0925,0.033,0.0,0.01676569242721439
0.093,0.033,0.0,0.01676569242721439
0.0935,0.033,0.0,0.01676569242721439
0.094,0.033,0.0,0.01676569242721439
0.0945,0.033,0.0,0.01676569242721439
0.095,0.033,0.0,0.01676569242721439
0.0955,0.033,0.0,0.01676569242721439
0.096,0.033,0.0,0.01676569242721439
0.0965,0.033,0.0,0.01676569242721439
0.097,0.033,0.0,0.01676569242721439
0.0975,0.033,0.0,0.01676569242721439
0.098,0.033,0.0,0.01676569242721439
0.0985,0.033,0.0,0.01676569242721439
0.099,0.033,0.0,0.01676569242721439
0.0995,0.033,0.0,0.01676569242721439
0.1,0.033,1.0,0.01676569242721439
0.1005,0.033,1.0,0.01676704797360612
0.101,0.033,1.0,0.016791737673504274
0.1015,0.033,1.0,0.016897898244495304
0.10200000000000001,0.033,1.0,0.017162117875392697
0.10250000000000001,0.033,1.0,0.01765191685153988
0.10300000000000001,0.033,1.0,0.018422591736708113
0.10350000000000001,0.033,1.0,0.019542581852654357
0.10400000000000001,0.033,1.0,0.021126511212826837
0.1045,0.033,1.0,0.023361100477694158
0.105,0.033,1.0,0.026540651741845656
0.1055,0.033,1.0,0.03107405483484904
0.106,0.033,1.0,0.03745702742513835
0.1065,0.033,1.0,0.04615071334338947
0.107,0.033,1.0,0.05741100419042548
0.1075,0.033,1.0,0.07118269769342257
0.108,0.033,1.0,0.08714534223731141
0.1085,0.033,1.0,0.10487223812219897
0.109,0.033,1.0,0.12395014371878313
0.1095,0.033,1.0,0.14403736667758876
0.11,0.033,1.0,0.16487601958473416
0.1105,0.033,1.0,0.18626644267965092
0.111,0.033,1.0,0.20805577303334694
0.1115,0.033,1.0,0.23011965275798693
0.112,0.033,1.0,0.2523552079299401
0.1125,0.033,1.0,0.2746742434917386
0.113,0.033,1.0,0.2970001349015815
0.1135,0.033,1.0,0.3192655923673434
0.114,0.033,1.0,0.34141120931203256
0.1145,0.033,1.0,0.36338464140836363
0.115,0.033,1.0,0.3851397439456578
0.1155,0.033,1.0,0.4066361491261428
0.116,0.033,1.0,0.4278386281760429
0.1165,0.033,1.0,0.4487167843115952
0.117,0.033,1.0,0.46924452095636554
0.11750000000000001,0.033,1.0,0.4893997817303557
0.11800000000000001,0.033,1.0,0.5091640857859998
0.11850000000000001,0.033,1.0,0.5285223023873515
0.11900000000000001,0.033,1.0,0.5474622394686807
0.11950000000000001,0.033,1.0,0.5659744523347577
0.12,0.033,1.0,0.5840518791689654
0.1205,0.033,1.0,0.6016896840011497
0.121,0.033,1.0,0.6188849349715307
0.1215,0.033,1.0,0.6356364801464363
0.122,0.033,1.0,0.651944664761057
0.1225,0.033,1.0,0.6678112370675225
0.123,0.033,1.0,0.6832391008044697
0.1235,0.033,1.0,0.6982322474651445
0.124,0.033,1.0,0.7127955402686736
0.1245,0.033,1.0,0.7269346689636713
0.125,0.033,1.0,0.7406559616994081
0.1255,0.033,1.0,0.7539663585651752
0.126,0.033,1.0,0.7668732479750012
0.1265,0.033,1.0,0.7793844554372295
0.127,0.033,1.0,0.791508101343087
0.1275,0.033,1.0,0.8032526018577533
0.128,0.033,1.0,0.8146265453099585
0.1285,0.033,1.0,0.825638702524771
0.129,0.033,1.0,0.8362979193240623
0.1295,0.033,1.0,0.8466131340403417
0.13,0.033,1.0,0.8565932839399513
0.1305,0.033,1.0,0.8662473280432721
0.131,0.033,1.0,0.8755841655635409
0.1315,0.033,1.0,0.8846126625011658
0.132,0.033,1.0,0.89334158044625
0.1325,0.033,1.0,0.9017796057107159
0.133,0.033,1.0,0.9099352870696408
0.1335,0.033,1.0,0.9178170664456707
0.134,0.033,1.0,0.9254332243642447
0.1345,0.033,1.0,0.9327919114140324
0.135,0.033,0.0,0.9399011008584752
0.1355,0.033,0.0,0.9466426039906894
0.136,0.033,0.0,0.9528989903958398
0.1365,0.033,0.0,0.9586785773799602
0.137,0.033,0.0,0.9639892619442898
0.1375,0.033,0.0,0.9688379953969228
0.138,0.033,0.0,0.9732313145778725
0.1385,0.033,0.0,0.977174852700656
0.139,0.033,0.0,0.980673832406278
0.1395,0.033,0.0,0.9837326234980632
0.14,0.033,0.0,0.9863552020650634
0.1405,0.033,0.0,0.9885447521730686
0.14100000000000001,0.033,0.0,0.9903040926008367
0.14150000000000001,0.033,0.0,0.9916353212839314
0.14200000000000002,0.033,0.0,0.9925402103813002
0.14250000000000002,0.033,0.0,0.9930221760616444
0.14300000000000002,0.033,0.0,0.9930963237921895
0.14350000000000002,0.033,0.0,0.9928972421624236
0.14400000000000002,0.033,0.0,0.992460167108802
0.1445,0.033,0.0,0.9917527537037252
0.145,0.033,0.0,0.9907453476034204
0.1455,0.033,0.0,0.9894032480444552
0.146,0.033,0.0,0.9876883689945366
0.1465,0.033,0.0,0.9855564637686781
0.147,0.033,0.0,0.9829593430834195
0.1475,0.033,0.0,0.9798421492488364
0.148,0.033,0.0,0.9761462091618762
0.1485,0.033,0.0,0.9718076066533122
0.149,0.033,0.0,0.9667605324317633
0.1495,0.033,0.0,0.9609393630519161
0.15,0.033,0.0,0.9542817006446662
0.1505,0.033,0.0,0.9467359537688235
0.151,0.033,0.0,0.938261919114369
0.1515,0.033,0.0,0.9288425107653004
0.152,0.033,0.0,0.9184787395307906
0.1525,0.033,0.0,0.9071997335660908
0.153,0.033,0.0,0.8950519220165076
0.1535,0.033,0.0,0.8821022267149944
0.154,0.033,0.0,0.8684267427509541
0.1545,0.033,0.0,0.8541083062406073
0.155,0.033,0.0,0.8392301057300197
0.1555,0.033,0.0,0.8238718233575555
0.156,0.033,0.0,0.8081086619788969
0.1565,0.033,0.0,0.7920085517105383
0.157,0.033,0.0,0.7756339516760498
0.1575,0.033,0.0,0.7590404721512106
0.158,0.033,0.0,0.7422791331466676
0.1585,0.033,0.0,0.7253959197731469
0.159,0.033,0.0,0.7084334898428137
0.1595,0.033,0.0,0.6914311545611939
0.16,0.033,0.0,0.6744258804621328
0.1605,0.033,0.0,0.6574523583402119
0.161,0.033,0.0,0.6405434721021408
0.1615,0.033,0.0,0.6237302577655243
0.162,0.033,0.0,0.6070420802099438
0.1625,0.033,0.0,0.5905063744058687
0.163,0.033,0.0,0.5741487556629976
0.1635,0.033,0.0,0.5579925142328077
0.164,0.033,0.0,0.5420588445208597
0.1645,0.033,0.0,0.5263661531233759
0.165,0.033,0.0,0.5109305272271423
0.1655,0.033,0.0,0.495764998291311
0.166,0.033,0.0,0.4808802705779847
0.1665,0.033,0.0,0.4662841157306513
0.167,0.033,0.0,0.45198226667494595
0.1675,0.033,0.0,0.4379780740421466
0.168,0.033,0.0,0.4242733871907906
0.1685,0.033,0.0,0.4108685012320907
0.169,0.033,0.0,0.397762841856859
0.1695,0.033,0.0,0.38495512936216525
0.17,0.033,0.0,0.3724437599753441
0.1705,0.033,0.0,0.36022706250977926
0.171,0.033,0.0,0.348303380053017
0.1715,0.033,0.0,0.3366713071242559
0.17200000000000001,0.033,0.0,0.3253295629313455
0.17250000000000001,0.033,0.0,0.31427714613729396
0.17300000000000001,0.033,0.0,0.30351312177014694
0.17350000000000002,0.033,0.0,0.2930366812753337
0.17400000000000002,0.033,0.0,0.28284694498656787
0.17450000000000002,0.033,0.0,0.27294294592863505
0.17500000000000002,0.033,0.0,0.2633235057101191
0.17550000000000002,0.033,0.0,0.25398716984115705
0.176,0.033,0.0,0.24493217297258355
0.1765,0.033,0.0,0.2361563498751487
0.177,0.033,0.0,0.22765717893111198
0.1775,0.033,0.0,0.2194316852026992
0.178,0.033,0.0,0.21147653966280328
0.1785,0.033,0.0,0.20378796384222747
0.179,0.033,0.0,0.19636186145669138
0.1795,0.033,0.0,0.1891937293868154
0.18,0.033,0.0,0.18227880263624638
0.1805,0.033,0.0,0.17561197361475783
0.181,0.033,0.0,0.16918793698186024
0.1815,0.033,0.0,0.16300111771447084
0.182,0.033,0.0,0.1570458074465535
0.1825,0.033,0.0,0.15131610106091362
0.183,0.033,0.0,0.14580601998053108
0.1835,0.033,0.0,0.14050945668326698
0.184,0.033,0.0,0.13542028303261008
0.1845,0.033,0.0,0.13053230198178514
0.185,0.033,0.0,0.12583934069052935
0.1855,0.033,0.0,0.12133520865992915
0.186,0.033,0.0,0.11701377634514987
0.1865,0.033,0.0,0.11286893899123808
0.187,0.033,0.0,0.10889468195329223
0.1875,0.033,0.0,0.10508504955824842
0.188,0.033,0.0,0.1014341985558938
0.1885,0.033,0.0,0.09793637139716656
0.189,0.033,0.0,0.094585939278386
0.1895,0.033,0.0,0.09137737929451784
0.19,0.033,0.0,0.0883053084806709
0.1905,0.033,0.0,0.08536446436441086
0.191,0.033,0.0,0.08254973130008689
0.1915,0.033,0.0,0.07985612400523816
0.192,0.033,0.0,0.07727880735291714
0.1925,0.033,0.0,0.07481308253245465
0.193,0.033,0.0,0.0724544013293457
0.1935,0.033,0.0,0.07019835459968533
0.194,0.033,0.0,0.06804068193566455
0.1945,0.033,0.0,0.06597726218593218
0.195,0.033,0.0,0.06400411928233865
0.1955,0.033,0.0,0.062117414575548674
0.196,0.033,0.0,0.06031344948764547
0.1965,0.033,0.0,0.05858865946403542
0.197,0.033,0.0,0.05693961401758205
0.1975,0.033,0.0,0.05536301212463642
0.198,0.033,0.0,0.05385568013955043
0.1985,0.033,0.0,0.05241456848489265
0.199,0.033,0.0,0.05103674783983199
0.1995,0.033,0.0,0.049719406992917846
0.2,0.033,0.0,0.04845984764296057
0.2005,0.033,0.0,0.0472554832975218
0.201,0.033,0.0,0.04610383296977184
0.2015,0.033,0.0,0.045002521017433544
0.202,0.033,0.0,0.043949269972526
0.2025,0.033,0.0,0.042941901224451746
0.203,0.033,0.0,0.0419783271806394
0.20350000000000001,0.033,0.0,0.04105655270409346
0.20400000000000001,0.033,0.0,0.040174666770757275
0.20450000000000002,0.033,0.0,0.039330844576585
0.20500000000000002,0.033,0.0,0.03852333883111676
0.20550000000000002,0.033,0.0,0.03775048245241559
0.20600000000000002,0.033,0.0,0.037010679614976456
0.20650000000000002,0.033,0.0,0.03630240895313828
0.20700000000000002,0.033,0.0,0.035624214464287415
0.20750000000000002,0.033,0.0,0.03497470914304313
0.20800000000000002,0.033,0.0,0.03435256582701679
0.2085,0.033,0.0,0.03375652118552456
0.209,0.033,0.0,0.03318536658418395
0.2095,0.033,0.0,0.032637952353736385
0.21,0.033,0.0,0.03211317874074859
0.2105,0.033,0.0,0.03161000038442649
0.211,0.033,0.0,0.03112741741323273
0.2115,0.033,0.0,0.030664480060718334
0.212,0.033,0.0,0.0302202799612049
0.2125,0.033,0.0,0.029793954839795224
0.213,0.033,0.0,0.0293846800540657
0.2135,0.033,0.0,0.028991673298569793
0.214,0.033,0.0,0.028614186433397144
0.2145,0.033,0.0,0.028251510149467342
0.215,0.033,0.0,0.027902966118700755
0.2155,0.033,0.0,0.027567911573112166
0.216,0.033,0.0,0.02724573180505518
0.2165,0.033,0.0,0.02693584462027051
0.217,0.033,0.0,0.026637693210250918
0.2175,0.033,0.0,0.026350750446774016
0.218,0.033,0.0,0.026074512141990934
0.2185,0.033,0.0,0.025808501159145323
0.219,0.033,0.0,0.025552261069784817
0.2195,0.033,0.0,0.025305360062181845
0.22,0.033,0.0,0.025067384999104814
0.2205,0.033,0.0,0.024837945111733265
0.221,0.033,0.0,0.02461666645598909
0.2215,0.033,0.0,0.024403195385274818
0.222,0.033,0.0,0.024197193398534333
0.2225,0.033,0.0,0.023998340389914587
0.223,0.033,0.0,0.023806329877613594
0.2235,0.033,0.0,0.02362087203250696
0.224,0.033,0.0,0.02344168927349097
0.2245,0.033,0.0,0.0232685190802722
0.225,0.033,0.0,0.023101109938349122
0.2255,0.033,0.0,0.022939223943550035
0.226,0.033,0.0,0.022782633077949845
0.2265,0.033,0.0,0.022631121615520174
0.227,0.033,0.0,0.022484482709067125
0.2275,0.033,0.0,0.022342520607566918
0.228,0.033,0.0,0.02220504753357852
0.2285,0.033,0.0,0.022071885723564375
0.229,0.033,0.0,0.021942864575136528
0.2295,0.033,0.0,0.021817822521954716
0.23,0.033,0.0,0.021696604430456977
0.2305,0.033,0.0,0.021579063320967637
0.231,0.033,0.0,0.02146505799415577
0.2315,0.033,0.0,0.021354454609758593
0.232,0.033,0.0,0.021247124523830402
0.2325,0.033,0.0,0.021142945736125834
0.233,0.033,0.0,0.021041800920188394
0.2335,0.033,0.0,0.020943578749939174
0.234,0.033,0.0,0.0208481721057296
0.23450000000000001,0.033,0.0,0.020755479290095007
0.23500000000000001,0.033,0.0,0.020665402394065748
0.23550000000000001,0.033,0.0,0.020577848411416504
0.23600000000000002,0.033,0.0,0.02049272775067581
0.23650000000000002,0.033,0.0,0.02040995525655911
0.23700000000000002,0.033,0.0,0.020329448854283377
0.23750000000000002,0.033,0.0,0.0202511304862224
0.23800000000000002,0.033,0.0,0.020174924876224323
0.23850000000000002,0.033,0.0,0.020100760388917758
0.23900000000000002,0.033,0.0,0.020028567902793414
0.23950000000000002,0.033,0.0,0.019958281598988346
0.24,0.033,0.0,0.019889837932889464
0.2405,0.033,0.0,0.01982317635862539
0.241,0.033,0.0,0.01975823838992182
0.2415,0.033,0.0,0.019694968265991014
0.242,0.033,0.0,0.01963331209321406
0.2425,0.033,0.0,0.019573218457625427
0.243,0.033,0.0,0.019514637639796238
0.2435,0.033,0.0,0.01945752217864861
0.244,0.033,0.0,0.019401826152651545
0.2445,0.033,0.0,0.019347505699259183
0.245,0.033,0.0,0.019294518356202894
0.2455,0.033,0.0,0.01924282354045806
0.246,0.033,0.0,0.019192381944027944
0.2465,0.033,0.0,0.019143155975976597
0.247,0.033,0.0,0.01909510920763594
0.2475,0.033,0.0,0.01904820678094305
0.248,0.033,0.0,0.019002414898504547
0.2485,0.033,0.0,0.018957701201134946
0.249,0.033,0.0,0.018914034298681052
0.2495,0.033,0.0,0.018871384119421183
0.25,0.033,0.0,0.01882972147792266
0.2505,0.033,0.0,0.018789018398705913
0.251,0.033,0.0,0.018749247717810405
0.2515,0.033,0.0,0.01871038338288175
0.252,0.033,0.0,0.0186724000854357
0.2525,0.033,0.0,0.018635273539354978
0.253,0.033,0.0,0.018598980141120332
0.2535,0.033,0.0,0.0185634972285205
0.254,0.033,0.0,0.01852880276639989
0.2545,0.033,0.0,0.018494875587195186
0.255,0.033,0.0,0.01846169509998559
0.2555,0.033,0.0,0.018429241514355342
0.256,0.033,0.0,0.018397495570727285
0.2565,0.033,0.0,0.018366438748900208
0.257,0.033,0.0,0.01833605301785319
0.2575,0.033,0.0,0.01830632103018257
0.258,0.033,0.0,0.018277225889749085
0.2585,0.033,0.0,0.018248751333113693
0.259,0.033,0.0,0.018220881513541495
0.2595,0.033,0.0,0.018193601170467148
0.26,0.033,0.0,0.018166895428503655
0.2605,0.033,0.0,0.01814074995585736
0.261,0.033,0.0,0.018115150777119723
0.2615,0.033,0.0,0.01809008442148658
0.262,0.033,0.0,0.018065537748216086
0.2625,0.033,0.0,0.018041498085435346
0.263,0.033,0.0,0.018017953067242586
0.2635,0.033,0.0,0.017994890763794975
0.264,0.033,0.0,0.01797229952917502
0.2645,0.033,0.0,0.017950168123386713
0.265,0.033,0.0,0.017928485570131696
0.2655,0.033,0.0,0.01790724127133098
0.266,0.033,0.0,0.017886424874038964
0.2665,0.033,0.0,0.017866026378031773
0.267,0.033,0.0,0.017846036011168666
0.2675,0.033,0.0,0.017826444330541032
0.268,0.033,0.0,0.0178072421056374
0.2685,0.033,0.0,0.017788420413530688
0.269,0.033,0.0,0.01776997052925207
0.2695,0.033,0.0,0.017751884015426333
0.27,0.033,0.0,0.017734152619349956
0.2705,0.033,0.0,0.017716768357440755
0.271,0.033,0.0,0.017699723418531134
0.2715,0.033,0.0,0.017683010243499594
0.272,0.033,0.0,0.01766662143433406
0.2725,0.033,0.0,0.017650549829258042
0.273,0.033,0.0,0.0176347884171608
0.2735,0.033,0.0,0.017619330408529203
0.274,0.033,0.0,0.017604169154860416
0.2745,0.033,0.0,0.017589298215671907
0.275,0.033,0.0,0.017574711282561477
0.2755,0.033,0.0,0.017560402242554788
0.276,0.033,0.0,0.017546365106481512
0.2765,0.033,0.0,0.01753259406890684
0.277,0.033,0.0,0.017519083440529777
0.2775,0.033,0.0,0.01750582770491773
0.278,0.033,0.0,0.01749282145465559
0.2785,0.033,0.0,0.017480059445091206
0.279,0.033,0.0,0.017467536533987842
0.2795,0.033,0.0,0.01745524773245157
0.28,0.033,0.0,0.017443188147879395
0.2805,0.033,0.0,0.017431353032239444
0.281,0.033,0.0,0.01741973772808136
0.28150000000000003,0.033,0.0,0.01740833771435429
0.28200000000000003,0.033,0.0,0.017397148555283945
0.28250000000000003,0.033,0.0,0.01738616594386402
0.28300000000000003,0.033,0.0,0.017375385653421192
0.28350000000000003,0.033,0.0,0.017364803578926655
0.28400000000000003,0.033,0.0,0.017354415691079234
0.28450000000000003,0.033,0.0,0.017344218075566104
0.28500000000000003,0.033,0.0,0.017334206889501415
0.28550000000000003,0.033,0.0,0.0173243783987652
0.28600000000000003,0.033,0.0,0.017314728936657822
0.28650000000000003,0.033,0.0,0.017305254939411072
0.28700000000000003,0.033,0.0,0.01729595290693858
0.28750000000000003,0.033,0.0,0.017286819436624037
0.28800000000000003,0.033,0.0,0.01727785118603714
0.2885,0.033,0.0,0.01726904490509921
0.289,0.033,0.0,0.01726039740064424
0.2895,0.033,0.0,0.01725190556706361
0.29,0.033,0.0,0.017243566352595573
0.2905,0.033,0.0,0.017235376788533253
0.291,0.033,0.0,0.017227333957151647
0.2915,0.033,0.0,0.017219435019544073
0.292,0.033,0.0,0.01721167718510407
0.2925,0.033,0.0,0.017204057738064923
0.293,0.033,0.0,0.017196574008439915
0.2935,0.033,0.0,0.017189223397345868
0.294,0.033,0.0,0.017182003349316605
0.2945,0.033,0.0,0.017174911376464496
0.295,0.033,0.0,0.01716794503209811
0.2955,0.033,0.0,0.01716110193380412
0.296,0.033,0.0,0.017154379738265682
0.2965,0.033,0.0,0.017147776163326484
0.297,0.033,0.0,0.01714128896396816
0.2975,0.033,0.0,0.017134915953388254
0.298,0.033,0.0,0.01712865498007471
0.2985,0.033,0.0,0.017122503947956294
0.299,0.033,0.0,0.017116460794520262
0.2995,0.033,0.0,0.017110523510066998
0.3,0.033,0.0,0.017104690116820247
0.3005,0.033,0.0,0.017098958687347638
0.301,0.033,0.0,0.01709332732459102
0.3015,0.033,0.0,0.017087794179503443
0.302,0.033,0.0,0.01708235743195567
0.3025,0.033,0.0,0.01707701530761336
0.303,0.033,0.0,0.01707176605969799
0.3035,0.033,0.0,0.017066607985128046
0.304,0.033,0.0,0.017061539407078004
0.3045,0.033,0.0,0.01705655869044666
0.305,0.033,0.0,0.017051664225164295
0.3055,0.033,0.0,0.017046854441007116
0.306,0.033,0.0,0.017042127791624898
0.3065,0.033,0.0,0.01703748276874254
0.307,0.033,0.0,0.01703291788686164
0.3075,0.033,0.0,0.017028431696869746
0.308,0.033,0.0,0.017024022771403954
0.3085,0.033,0.0,0.017019689717886893
0.309,0.033,0.0,0.017015431164504415
0.3095,0.033,0.0,0.017011245772723338
0.31,0.033,0.0,0.017007132223836995
0.3105,0.033,0.0,0.017003089230983696
0.311,0.033,0.0,0.01699911552624846
0.3115,0.033,0.0,0.0169952098721917
0.312,0.033,0.0,0.016991371049489255
0.3125,0.033,0.0,0.016987597867993382
0.313,0.033,0.0,0.016983889154879108
0.3135,0.033,0.0,0.016980243765259605
0.314,0.033,0.0,0.0169766605708289
0.3145,0.033,0.0,0.01697313847003642
0.315,0.033,0.0,0.01696967637720049
0.3155,0.033,0.0,0.016966273232279762
0.316,0.033,0.0,0.016962927990422545
0.3165,0.033,0.0,0.01695963963135403
0.317,0.033,0.0,0.016956407149340602
0.3175,0.033,0.0,0.016953229562219622
0.318,0.033,0.0,0.016950105901754827
0.3185,0.033,0.0,0.01694703522231183
0.319,0.033,0.0,0.016944016591605875
0.3195,0.033,0.0,0.016941049099026193
0.32,0.033,0.0,0.016938131846764827
0.3205,0.033,0.0,0.01693526395780718
0.321,0.033,0.0,0.01693244456741022
0.3215,0.033,0.0,0.016929672830793756
0.322,0.033,0.0,0.01692694791494112
0.3225,0.033,0.0,0.016924269006003738
0.323,0.033,0.0,0.0169216353014162
0.3235,0.033,0.0,0.016919046017014175
0.324,0.033,0.0,0.016916500379465196
0.3245,0.033,0.0,0.01691399763311094
0.325,0.033,0.0,0.016911537032682132
0.3255,0.033,0.0,0.01690911784989503
0.326,0.033,0.0,0.016906739366437742
0.3265,0.033,0.0,0.01690440088031616
0.327,0.033,0.0,0.016902101699116275
0.3275,0.033,0.0,0.016899841146101165
0.328,0.033,0.0,0.01689761855373655
0.3285,0.033,0.0,0.016895433269563945
0.329,0.033,0.0,0.01689328464995801
0.3295,0.033,0.0,0.0168911720657915
0.33,0.033,0.0,0.016889094896424293
0.3305,0.033,0.0,0.016887052535155465
0.331,0.033,0.0,0.016885044383450086
0.3315,0.033,0.0,0.01688306985616755
0.332,0.033,0.0,0.016881128376025966
0.3325,0.033,0.0,0.0168792193786271
0.333,0.033,0.0,0.016877342307125405
0.3335,0.033,0.0,0.01687549661707621
0.334,0.033,0.0,0.01687368177129361
0.3345,0.033,0.0,0.016871897244374868
