time [s],Lmtc [m],STIM [ ],Fsee [N]
0.0,0.0455023199319839,0.00030517578125,0.10905025301116555
0.0004999999999999,0.0455022454261779,0.0006103515625,0.10900155527487476
0.001,0.0455019660294055,0.0,0.10882309319226992
0.0014999999999999,0.0455021038651466,0.0,0.1089144437808334
0.002,0.0455020405352115,0.00030517578125,0.10887551915566071
0.0024999999999999,0.0455021075904369,0.00091552734375,0.10892046462466724
0.003,0.0455021858215332,0.0006103515625,0.10897141376284601
0.0034999999999999,0.0455023236572742,0.00091552734375,0.10905960516832332
0.004,0.045501958578825,0.0,0.10882534320474785
0.0044999999999999,0.0455021150410175,0.00030517578125,0.10892834965333893
0.005,0.0455022454261779,0.00030517578125,0.10901240049566535
0.0054999999999999,0.0455021560192108,0.0006103515625,0.10895458860687854
0.006,0.0455022305250167,0.0006103515625,0.10900244656454834
0.0064999999999999,0.0455019883811473,0.0006103515625,0.10884739350089785
0.007,0.0455022379755973,0.0006103515625,0.10900930919560028
0.0074999999999999,0.0455020405352115,0.00030517578125,0.10888255012436168
0.008,0.045502234250307,0.0006103515625,0.10900804594926744
0.0084999999999999,0.0455019176006317,0.0,0.10880556225132341
0.009,0.0455020181834697,0.00030517578125,0.10887360557984072
0.0094999999999999,0.045502170920372,0.0006103515625,0.10897313746721579
0.01,0.0455021746456623,0.00030517578125,0.10897542370958997
0.0104999999999999,0.0455021001398563,0.001220703125,0.1089278207754147
0.011,0.0455020815134048,0.0006103515625,0.1089169740474576
0.0114999999999999,0.045502234250307,-0.00030517578125,0.1090155262391498
0.012,0.0455023720860481,0.0006103515625,0.10910314004989297
0.0124999999999999,0.0455023422837257,0.0,0.1090823687342973
0.013,0.0455021522939205,0.0,0.10895933191052956
0.0134999999999999,0.0455023534595966,0.0006103515625,0.10908826192824572
0.014,0.0455021075904369,0.00091552734375,0.10892948093341137
0.0144999999999999,0.0455023236572742,-0.00030517578125,0.10906826974994961
0.015,0.0455019362270832,0.00030517578125,0.10881959579379073
0.0154999999999999,0.045502170920372,0.0,0.10897258530578693
0.016,0.0455022528767585,0.0,0.10902493726565898
0.0164999999999999,0.0455019660294055,0.00030517578125,0.10884091120600009
0.017,0.0455021597445011,0.0006103515625,0.10896728714900183
0.0174999999999999,0.0455018728971481,0.0006103515625,0.10878464359671092
0.018,0.0455022230744361,0.0006103515625,0.10901205319257698
0.0184999999999999,0.0455020144581794,0.0006103515625,0.10887820319980507
0.019,0.0455020517110824,0.0006103515625,0.10890413385315124
0.0194999999999999,0.0455020740628242,0.0,0.10891998656213903
0.02,0.0455019176006317,0.0006103515625,0.10882168052740046
0.0204999999999999,0.0455020628869533,0.00030517578125,0.10891779454966684
0.021,0.0455018691718578,0.0006103515625,0.1087958402615827
0.0214999999999999,0.0455015152692794,0.00030517578125,0.10857584973160826
0.022,0.0455001294612884,0.0,0.10770775489710395
0.0224999999999999,0.0454981178045272,0.0,0.10647271884351976
0.023,0.0454939194023609,-0.00030517578125,0.10391394821940515
0.0234999999999999,0.0454885549843311,0.00030517578125,0.10074199489219596
0.024,0.0454813428223133,0.0006103515625,0.09659859774390064
0.0244999999999999,0.0454721562564373,0.0,0.09151364219270021
0.025,0.045462068170309,0.0006103515625,0.08621706855938856
0.0254999999999999,0.0454510301351547,0.0006103515625,0.08074290206236566
0.026,0.0454391427338123,0.00030517578125,0.0752078738627938
0.0264999999999999,0.045426744967699,0.00030517578125,0.0698423386735933
0.027,0.0454143993556499,0.0006103515625,0.0649478296042745
0.0274999999999999,0.0454010404646396,0.0006103515625,0.06000996435397985
0.028,0.0453880727291107,0.00091552734375,0.0557210338537245
0.0284999999999999,0.0453756041824817,0.0,0.05207224480054015
0.029,0.0453622303903102,0.0,0.04841770664430034
0.0294999999999999,0.0453494526445865,0.00030517578125,0.04539910610115942
0.03,0.0453365817666053,0.00030517578125,0.042673343747663975
0.0304999999999999,0.045323871076107,0.0006103515625,0.040309962576896424
0.031,0.0453110784292221,0.00030517578125,0.038177286626590194
0.0314999999999999,0.0452984236180782,0.00030517578125,0.03632646556328777
0.032,0.0452860444784164,0.00030517578125,0.03476569459583074
0.0324999999999999,0.0452731139957904,0.00030517578125,0.03317327950817188
0.033,0.0452605821192264,0.00030517578125,0.03187188238802436
0.0334999999999999,0.0452481396496295,0.0006103515625,0.030713685748518856
0.034,0.0452353172004222,0.00030517578125,0.029527508163536425
0.0344999999999999,0.0452227480709552,0.0006103515625,0.02851552056976953
0.035,0.0452103614807128,0.00030517578125,0.02762713184391904
0.0354999999999999,0.0451975427567958,0.00091552734375,0.026657985963681533
0.036,0.0451850593090057,0.00030517578125,0.025848705718648734
0.0364999999999999,0.0451724417507648,0.00030517578125,0.025035961251730725
0.037,0.0451601482927799,0.0006103515625,0.02435233006829697
0.0374999999999999,0.0451474040746688,0.00030517578125,0.02355873000186422
0.038,0.0451350659132003,0.00091552734375,0.022912176352022227
0.0384999999999999,0.0451227650046348,0.00091552734375,0.022288141047560075
0.039,0.0451102517545223,0.00030517578125,0.02161654441935366
0.0394999999999999,0.0450978465378284,0.00030517578125,0.020991434921730657
0.04,0.0450854040682315,-0.00030517578125,0.02036815044191964
0.0404999999999999,0.045072965323925,0.00030517578125,0.01975814894836404
0.041,0.0450604148209095,0.00030517578125,0.019130784024224492
0.0414999999999999,0.0450478717684745,0.00030517578125,0.018519770355162554
0.042,0.045035395771265,0.00030517578125,0.017938311608286992
0.0424999999999999,0.0450230687856674,0.0006103515625,0.01740314900261254
0.043,0.0450100973248481,-0.00030517578125,0.016717678250775993
0.0434999999999999,0.0449977479875087,0.0,0.01620428409160643
0.044,0.0449854396283626,0.00030517578125,0.01570332958705361
0.0444999999999999,0.0449729710817337,0.00030517578125,0.015168470818787985
0.045,0.0449602492153644,0.0,0.014584761266371832
0.0454999999999999,0.044948011636734,0.00030517578125,0.014122880911298845
0.046,0.0449358746409416,0.0006103515625,0.013683132958038207
0.0464999999999999,0.0449228882789611,0.00030517578125,0.013060874202322175
0.047,0.0449106693267822,0.0,0.01262257046674023
0.0474999999999999,0.044898334890604,0.0006103515625,0.012160759888178085
0.048,0.0448860041797161,0.00030517578125,0.011704113427528369
0.0484999999999999,0.044873297214508,0.00030517578125,0.011177857827631942
0.049,0.044861014932394,0.00030517578125,0.010748522455056113
0.0494999999999999,0.0448482409119606,0.00030517578125,0.010229230579927565
0.05,0.0448359809815883,0.00091552734375,0.009820970764912684
0.0504999999999999,0.0448232479393482,0.00030517578125,0.009329686228179663
0.051,0.0448107905685901,0.0006103515625,0.008901361829885025
0.0514999999999999,0.0447983033955097,0.00030517578125,0.008475146887248191
0.052,0.0447858460247516,0.00030517578125,0.008062062053097147
0.0524999999999999,0.0447731278836727,0.00030517578125,0.007613607433569324
0.053,0.0447607673704624,0.00030517578125,0.007235413761989271
0.0534999999999999,0.0447485707700252,0.0006103515625,0.006888469803732499
0.054,0.0447357594966888,0.0,0.006450846649969231
0.0544999999999999,0.0447230525314807,0.00030517578125,0.006043493215601548
0.055,0.0447109118103981,0.0,0.005729502227954191
0.0554999999999999,0.0446985028684139,0.00030517578125,0.005380752595547535
0.056,0.0446858182549476,0.0,0.005002605709570152
0.0564999999999999,0.0446737334132194,0.00091552734375,0.0047148702422167175
0.057,0.044661097228527,0.00030517578125,0.004360568771110627
0.0574999999999999,0.0446483679115772,0.00091552734375,0.004007222465788625
0.058,0.0446359775960445,0.0006103515625,0.003706676982167986
0.0584999999999999,0.0446237362921237,-0.00030517578125,0.0034310432673298145
0.059,0.0446112044155597,0.00091552734375,0.003130867460841278
0.0595,0.0445983558893203,0.00030517578125,0.002809675378755297
0.06,0.0445861779153347,0.00030517578125,0.0025691117251966477
0.0605,0.0445734299719333,0.0006103515625,0.002282795289132178
0.061,0.0445611625909805,0.0,0.00205294247637883
0.0615,0.0445488207042217,0.0006103515625,0.0018256876938371484
0.062,0.0445361249148845,0.0006103515625,0.0015814458824480583
0.0625,0.0445234216749668,0.00030517578125,0.0013519245632092852
0.0629999999999999,0.0445113256573677,0.0006103515625,0.0011779080106537818
0.0635,0.0444987975060939,0.00030517578125,0.0009862932425631818
0.0639999999999999,0.0444859750568866,0.0,0.0007931669075034492
0.0645,0.0444736890494823,0.00030517578125,0.0006451150695695847
0.0649999999999999,0.0444613844156265,0.00030517578125,0.0005091179037917647
0.0655,0.0444487370550632,0.00030517578125,0.0003740815677544975
0.0659999999999999,0.0444364883005619,0.0006103515625,0.0002706626504791132
0.0665,0.0444238670170307,-0.00030517578125,0.0001726474390906033
0.0669999999999999,0.0444112420082092,0.00091552734375,9.530005064558171e-05
0.0675,0.0443986803293228,0.0006103515625,4.070769728368474e-05
0.0679999999999999,0.0443862453103065,0.0006103515625,9.305032242079073e-06
0.0685,0.0443737432360649,0.0,0.0
0.0689999999999999,0.0443610660731792,0.0,0.0
0.0695,0.0443486869335174,0.00030517578125,0.0
0.0699999999999999,0.044336125254631,0.0006103515625,0.0
0.0705,0.0443237163126468,0.00030517578125,0.0
0.0709999999999999,0.0443112701177597,0.0006103515625,0.0
0.0715,0.0442986935377121,0.00030517578125,0.0
0.0719999999999999,0.0442863442003726,0.0006103515625,0.0
0.0725,0.0442738384008407,0.0,0.0
0.0729999999999999,0.0442613512277603,0.0006103515625,0.0
0.0735,0.0442490205168724,0.00030517578125,0.0
0.0739999999999999,0.0442365445196628,0.00030517578125,0.0
0.0745,0.0442238636314868,0.0006103515625,0.0
0.0749999999999999,0.0442112758755683,0.0,0.0
0.0755,0.0441986285150051,0.00030517578125,0.0
0.0759999999999999,0.0441861301660537,0.00030517578125,0.0
0.0765,0.0441737025976181,0.00091552734375,0.0
0.0769999999999999,0.0441611371934413,0.00030517578125,0.0
0.0775,0.0441487655043602,0.0,0.0
0.0779999999999999,0.0441359989345073,0.0,0.0
0.0785,0.0441236607730388,0.00091552734375,0.0
0.0789999999999999,0.0441114716231823,0.0006103515625,0.0
0.0795,0.0440989956259727,0.00030517578125,0.0
0.0799999999999999,0.0440864190459251,0.00091552734375,0.0
0.0805,0.0440739654004573,0.0,0.0
0.0809999999999999,0.0440612882375717,0.0006103515625,0.0
0.0815,0.0440489239990711,0.00091552734375,0.0
0.0819999999999999,0.0440364107489585,0.0,0.0
0.0825,0.0440238639712333,0.00030517578125,0.0
0.0829999999999999,0.0440116748213768,0.0006103515625,0.0
0.0835,0.0439990311861038,0.00030517578125,0.0
0.0839999999999999,0.0439863204956054,0.0,0.0
0.0845,0.0439739897847175,0.0006103515625,0.0
0.0849999999999999,0.0439614132046699,0.0006103515625,0.0
0.0855,0.0439492389559745,0.00030517578125,0.0
0.0859999999999999,0.0439364053308963,0.0,0.0
0.0865,0.0439240895211696,0.00091552734375,0.0
0.0869999999999999,0.0439114719629287,0.0006103515625,0.0
0.0875,0.0438989140093326,0.00030517578125,0.0
0.0879999999999999,0.0438863784074783,0.00091552734375,0.0
0.0885,0.0438740700483322,0.0006103515625,0.0
0.0889999999999999,0.0438611917197704,0.0006103515625,0.0
0.0895,0.0438489876687526,0.0006103515625,0.0
0.0899999999999999,0.0438366718590259,0.00030517578125,0.0
0.0905,0.0438239611685276,0.00030517578125,0.0
0.0909999999999999,0.0438115112483501,0.0,0.0
0.0915,0.043799165636301,0.00091552734375,0.0
0.0919999999999999,0.0437865182757377,0.00030517578125,0.0
0.0925,0.0437741130590438,0.0,0.0
0.0929999999999999,0.0437614172697067,0.0006103515625,0.0
0.0935,0.0437489822506904,0.00030517578125,0.0
0.0939999999999999,0.0437365248799324,0.0,0.0
0.0945,0.0437238700687885,0.00091552734375,0.0
0.0949999999999999,0.0437116548418998,0.0006103515625,0.0
0.0955,0.0436988361179828,0.00030517578125,0.0
0.0959999999999999,0.0436864979565143,0.00030517578125,0.0
0.0965,0.04367421194911,0.0,0.0
0.0969999999999999,0.0436613261699676,0.00030517578125,0.0
0.0975,0.0436489731073379,0.0,0.0
0.0979999999999999,0.0436361841857433,0.00030517578125,0.0
0.0985,0.043623711913824,0.00030517578125,0.0
0.0989999999999999,0.0436111129820346,0.00030517578125,0.0
0.0995,0.0435989163815975,0.00091552734375,0.0
0.0999999999999999,0.0435864552855491,0.0006103515625,0.0
0.1005,0.0435739122331142,0.0006103515625,0.0
0.1009999999999999,0.0435613207519054,0.0006103515625,0.0
0.1015,0.0435487814247608,0.0006103515625,0.0
0.1019999999999999,0.0435363948345184,0.00091552734375,0.0
0.1025,0.0435237362980842,0.0006103515625,0.0
0.1029999999999999,0.043511614203453,0.0,0.0
0.1035,0.04349897056818,0.0,0.0
0.1039999999999999,0.043486263602972,0.0,0.0
0.1045,0.0434740111231803,0.00030517578125,0.0
0.1049999999999999,0.0434618145227432,0.00030517578125,0.0
0.1055,0.043449118733406,-0.00030517578125,0.0
0.1059999999999999,0.0434368662536144,0.00091552734375,0.0
0.1065,0.0434242337942123,0.00030517578125,0.0
0.1069999999999999,0.043411660939455,0.0,0.0
0.1075,0.0433990322053432,0.0006103515625,0.0
0.1079999999999999,0.0433870293200016,0.00030517578125,0.0
0.1085,0.0433746390044689,0.0,0.0
0.1089999999999999,0.0433616340160369,0.00030517578125,0.0
0.1095,0.0433494001626968,0.00030517578125,0.0
0.1099999999999999,0.0433367826044559,0.00030517578125,0.0
0.1105,0.0433242358267307,0.0006103515625,0.0
0.1109999999999999,0.043311707675457,0.00030517578125,0.0
0.1115,0.0432993583381176,0.001220703125,0.0
0.1119999999999999,0.0432866364717483,0.00030517578125,0.0
0.1125,0.0432742163538932,0.00030517578125,0.0
0.1129999999999999,0.043262030929327,0.00091552734375,0.0
0.1135,0.0432495065033435,0.00030517578125,0.0
0.1139999999999999,0.0432369299232959,0.0006103515625,0.0
0.1145,0.0432245880365371,0.00030517578125,0.0
0.1149999999999999,0.043212067335844,0.00030517578125,0.0
0.1155,0.0431993156671524,0.00091552734375,0.0
0.1159999999999999,0.0431872494518756,0.00030517578125,0.0
0.1165,0.0431745499372482,0.00091552734375,0.0
0.1169999999999999,0.0431616753339767,0.0,0.0
0.1175,0.0431491397321224,0.0006103515625,0.0
0.118,0.0431368723511695,0.00030517578125,0.0
0.1185,0.0431242436170578,0.0006103515625,0.0
0.119,0.0431118048727512,0.0006103515625,0.0
0.1195,0.0430995523929595,0.00030517578125,0.0
0.12,0.0430868081748485,0.0006103515625,0.0
0.1205,0.0430744849145412,0.0,0.0
0.121,0.0430619604885578,0.00030517578125,0.0
0.1215,0.043049544095993,0.00091552734375,0.0
0.122,0.0430367328226566,0.0006103515625,0.0
0.1225,0.0430244542658329,0.0006103515625,0.0
0.123,0.043011836707592,0.0,0.0
0.1235,0.0429993532598018,0.00030517578125,0.0
0.124,0.0429871380329132,0.00030517578125,0.0
0.1245,0.0429745726287364,0.0006103515625,0.0
0.125,0.0429619215428829,0.00030517578125,0.0
0.1254999999999999,0.0429491661489009,0.0006103515625,0.0
0.126,0.0429369285702705,0.0006103515625,0.0
0.1264999999999999,0.0429243557155132,0.0,0.0
0.127,0.0429116748273372,0.0,0.0
0.1274999999999999,0.0428991690278053,0.0006103515625,0.0
0.128,0.0428866855800151,0.0006103515625,0.0
0.1284999999999999,0.0428743697702884,0.0,0.0
0.129,0.0428619720041751,0.0006103515625,0.0
0.1294999999999999,0.0428494736552238,0.0006103515625,0.0
0.13,0.0428368002176284,0.0,0.0
0.1304999999999999,0.0428243614733219,0.00091552734375,0.0
0.131,0.0428121089935302,0.0,0.0
0.1314999999999999,0.0427995063364505,0.00030517578125,0.0
0.132,0.0427870377898216,0.0006103515625,0.0
0.1324999999999999,0.0427743978798389,0.00030517578125,0.0
0.133,0.042761918157339,0.0,0.0
0.1334999999999999,0.0427492186427116,0.00030517578125,0.0
0.134,0.0427369810640811,0.00030517578125,0.0
0.1344999999999999,0.0427246540784835,0.00091552734375,0.0
0.135,0.0427119545638561,0.0006103515625,0.0
0.1354999999999999,0.0426994152367115,0.0006103515625,0.0
0.136,0.0426870137453079,0.00030517578125,0.0
0.1364999999999999,0.0426742359995842,0.0,0.0
0.137,0.04266207665205,0.00030517578125,0.0
0.1374999999999999,0.0426493026316165,0.0,0.0
0.138,0.0426369979977607,0.0006103515625,0.0
0.1384999999999999,0.0426245555281639,0.0006103515625,0.0
0.139,0.0426121726632118,0.0006103515625,0.0
0.1394999999999999,0.0425996780395507,0.0006103515625,0.0
0.14,0.0425870530307292,0.00091552734375,0.0
0.1404999999999999,0.042574506253004,0.00030517578125,0.0
0.141,0.0425622351467609,0.00030517578125,0.0
0.1414999999999999,0.0425495766103267,0.00091552734375,0.0
0.142,0.0425371155142784,0.00030517578125,0.0
0.1424999999999999,0.0425247400999069,0.00030517578125,0.0
0.143,0.0425119921565055,0.00091552734375,0.0
0.1434999999999999,0.0424994640052318,0.00030517578125,0.0
0.144,0.0424870066344738,0.00030517578125,0.0
0.1444999999999999,0.0424745567142963,0.0,0.0
0.145,0.042462084442377,0.0006103515625,0.0
0.1454999999999999,0.0424494445323944,0.0006103515625,0.0
0.146,0.0424370244145393,0.00091552734375,0.0
0.1464999999999999,0.0424244962632656,0.00030517578125,0.0
0.147,0.0424119085073471,0.0006103515625,0.0
0.1474999999999999,0.0423995070159435,0.0006103515625,0.0
0.148,0.0423868894577026,0.0006103515625,0.0
0.1484999999999999,0.0423746965825557,0.0006103515625,0.0
0.149,0.0423622019588947,0.00091552734375,0.0
0.1494999999999999,0.0423498004674911,0.0006103515625,0.0
0.15,0.0423370748758316,0.0006103515625,0.0
0.1504999999999999,0.0423246473073959,0.00091552734375,0.0
0.151,0.0423123650252819,0.00091552734375,0.0
0.1514999999999999,0.0422993637621402,0.0,0.0
0.152,0.0422872714698314,0.001220703125,0.0
0.1524999999999999,0.0422747656702995,0.0006103515625,0.0
0.153,0.0422621816396713,0.0,0.0
0.1534999999999999,0.0422495752573013,0.0006103515625,0.0
0.154,0.0422370359301567,0.0006103515625,0.0
0.1544999999999999,0.042224571108818,0.0006103515625,0.0
0.155,0.0422119982540607,0.00030517578125,0.0
0.1554999999999999,0.0421993546187877,0.00030517578125,0.0
0.156,0.0421869084239006,0.0006103515625,0.0
0.1564999999999999,0.042174469679594,0.00030517578125,0.0
0.157,0.0421617627143859,0.00030517578125,0.0
0.1574999999999999,0.0421494841575622,0.00030517578125,0.0
0.158,0.0421370901167392,0.0006103515625,0.0
0.1584999999999999,0.0421246029436588,0.0,0.0
0.159,0.0421119257807731,0.00091552734375,0.0
0.1594999999999999,0.0420994758605957,0.0006103515625,0.0
0.16,0.0420868061482906,0.0,0.0
0.1604999999999999,0.0420743897557258,0.00091552734375,0.0
0.161,0.042061872780323,0.0,0.0
0.1614999999999999,0.0420491620898246,-0.00030517578125,0.0
0.162,0.0420366674661636,0.0006103515625,0.0
0.1624999999999999,0.0420241616666317,0.00030517578125,0.0
0.163,0.042011622339487,0.0006103515625,0.0
0.1634999999999999,0.0419989973306655,0.0,0.0
0.164,0.0419867262244224,0.0,0.0
0.1644999999999999,0.0419742465019226,0.0006103515625,0.0
0.165,0.041961807757616,0.0006103515625,0.0
0.1654999999999999,0.0419493466615676,0.00091552734375,0.0
0.166,0.0419371575117111,0.00030517578125,0.0
0.1664999999999999,0.0419245213270187,0.0006103515625,0.0
0.167,0.0419122949242591,0.00030517578125,0.0
0.1674999999999999,0.0418998152017593,0.0006103515625,0.0
0.168,0.0418871156871318,0.0,0.0
0.1684999999999999,0.0418745540082454,0.0006103515625,0.0
0.169,0.0418622009456157,0.0006103515625,0.0
0.1694999999999999,0.0418500639498233,0.00030517578125,0.0
0.17,0.0418373718857765,0.0006103515625,0.0
0.1704999999999999,0.0418249554932117,0.0006103515625,0.0
0.171,0.0418124310672283,0.0006103515625,0.0
0.1714999999999999,0.0417995229363441,0.0,0.0
0.172,0.0417873375117778,0.00030517578125,0.0
0.1725,0.0417748875916004,0.0006103515625,0.0
0.173,0.0417623482644557,0.00030517578125,0.0
0.1735,0.0417496860027313,0.0006103515625,0.0
0.174,0.0417376905679702,0.0,0.0
0.1745,0.041724793612957,0.0006103515625,0.0
0.175,0.041712213307619,0.0,0.0
0.1755,0.0416999161243438,0.0006103515625,0.0
0.176,0.0416873656213283,0.0006103515625,0.0
0.1765,0.041675005108118,0.00030517578125,0.0
0.177,0.0416621714830398,0.00091552734375,0.0
0.1775,0.0416499152779579,0.00091552734375,0.0
0.178,0.041637472808361,0.0,0.0
0.1785,0.0416247695684433,0.00030517578125,0.0
0.179,0.041612509638071,0.00030517578125,0.0
0.1795,0.0415997430682182,0.00030517578125,0.0
0.18,0.0415871813893318,0.00030517578125,0.0
0.1805,0.0415751039981842,0.00091552734375,0.0
0.181,0.0415627136826515,0.0006103515625,0.0
0.1815,0.0415509045124053,0.00030517578125,0.0
0.182,0.0415393225848674,0.0006103515625,0.0
0.1825,0.0415293276309967,0.00091552734375,0.0
0.183,0.0415204763412475,0.00030517578125,0.0
0.1835,0.0415132120251655,0.0006103515625,0.0
0.184,0.0415086820721626,0.00030517578125,0.0
0.1845,0.0415062755346298,-0.00030517578125,0.0
0.185,0.0415069535374641,0.00030517578125,0.0
0.1855,0.0415106154978275,0.0006103515625,0.0
0.186,0.0415171831846237,0.0006103515625,0.0
0.1865,0.041526261717081,0.0006103515625,0.0
0.187,0.0415383987128734,0.00030517578125,0.0
0.1875,0.0415527708828449,0.00030517578125,0.0
0.1879999999999999,0.0415693558752536,0.0,0.0
0.1885,0.0415881052613258,0.0006103515625,0.0
0.1889999999999999,0.0416085459291935,0.00030517578125,0.0
0.1895,0.0416297167539596,0.00030517578125,0.0
0.1899999999999999,0.0416522286832332,0.0006103515625,0.0
0.1905,0.0416754819452762,0.0,0.0
0.1909999999999999,0.0416990891098976,0.0006103515625,0.0
0.1915,0.0417230427265167,0.00030517578125,0.0
0.1919999999999999,0.0417472347617149,0.0006103515625,0.0
0.1925,0.0417712144553661,0.00030517578125,0.0
0.1929999999999999,0.0417956002056598,0.00091552734375,0.0
0.1935,0.0418192818760871,0.0006103515625,0.0
0.1939999999999999,0.0418433137238025,0.00030517578125,0.0
0.1945,0.0418675169348716,0.00030517578125,0.0
0.1949999999999999,0.0418913885951042,0.00030517578125,0.0
0.1955,0.0419155322015285,0.00030517578125,0.0
0.1959999999999999,0.0419394932687282,0.00030517578125,0.0
0.1965,0.0419636368751525,0.00030517578125,0.0
0.1969999999999999,0.0419873297214508,0.00030517578125,0.0
0.1975,0.0420116819441318,0.00030517578125,0.0
0.1979999999999999,0.0420356653630733,0.00030517578125,0.0
0.1985,0.0420601591467857,0.00030517578125,0.0
0.1989999999999999,0.0420841947197914,0.00030517578125,0.0
0.1995,0.0421084687113761,0.0,0.0
0.1999999999999999,0.0421324260532856,0.00030517578125,0.0
0.2005,0.0421567298471927,0.0006103515625,0.0
0.2009999999999999,0.042180873453617,0.00030517578125,0.0
0.2015,0.0422048419713974,0.00030517578125,0.0
0.2019999999999999,0.0422290563583374,0.001220703125,0.0
0.2025,0.0422531552612781,0.00030517578125,0.0
0.2029999999999999,0.042277205735445,0.001220703125,0.0
0.2035,0.0423014163970947,0.0006103515625,0.0
0.2039999999999999,0.042325485497713,0.00030517578125,0.0
0.2045,0.0423495061695575,0.00030517578125,0.0
0.2049999999999999,0.0423736199736595,0.0006103515625,0.0
0.2055,0.0423978269100189,0.00091552734375,0.0005838438492102317
0.2059999999999999,0.0424219965934753,0.00030517578125,0.002956116498469675
0.2065,0.0424459651112556,0.0006103515625,0.007002640783561792
0.2069999999999999,0.0424703657627105,0.0006103515625,0.012661432454857067
0.2075,0.0424942784011364,0.0006103515625,0.019583221594329767
0.2079999999999999,0.0425183027982711,0.00030517578125,0.02774384962972475
0.2085,0.0425426885485649,0.0,0.037139781156877376
0.2089999999999999,0.0425666719675064,0.00030517578125,0.047414946661669004
0.2095,0.0425908640027046,0.00030517578125,0.058738095370918605
0.2099999999999999,0.0426148734986782,-0.00030517578125,0.07088912917342081
0.2105,0.0426388345658779,0.00030517578125,0.08390213631632609
0.2109999999999999,0.0426632314920425,0.00030517578125,0.0980559068557665
0.2115,0.0426872298121452,0.0006103515625,0.11261075728084471
0.2119999999999999,0.0427114367485046,0.0006103515625,0.12741054100482777
0.2125,0.0427354834973812,0.00030517578125,0.1416285613301231
0.2129999999999999,0.042759608477354,0.00030517578125,0.1550554321875316
0.2135,0.0427836030721664,0.0,0.16733789430302592
0.2139999999999999,0.0428080856800079,0.00030517578125,0.1788750144567723
0.2145,0.0428320840001106,0.00030517578125,0.18885891564166335
0.2149999999999999,0.0428562834858894,0.00030517578125,0.19790133118930106
0.2155,0.0428803153336048,0.00091552734375,0.20574398965074076
0.2159999999999999,0.0429041311144828,0.00030517578125,0.21243447997414916
0.2165,0.0429285913705825,0.00030517578125,0.21881241357097486
0.2169999999999999,0.0429525710642337,0.00030517578125,0.22393745494840128
0.2175,0.0429765693843364,0.00091552734375,0.22837961383940739
0.2179999999999999,0.0430009067058563,0.0,0.2325006773257028
0.2185,0.0430249236524105,0.00091552734375,0.23575774678089934
0.2189999999999999,0.0430489256978035,0.00030517578125,0.23853240840446593
0.2195,0.0430731289088726,0.00030517578125,0.2410814483734592
0.2199999999999999,0.0430973283946514,0.00030517578125,0.24325319191060993
0.2205,0.043121337890625,0.00030517578125,0.24493165302015182
0.2209999999999999,0.043145403265953,0.00030517578125,0.2464071274234462
0.2215,0.0431696139276027,0.00030517578125,0.24778994067612542
0.2219999999999999,0.0431937500834465,0.0006103515625,0.2488962336743619
0.2225,0.0432176664471626,0.00030517578125,0.24963245775226145
0.2229999999999999,0.0432419851422309,0.00030517578125,0.25061809765170334
0.2235,0.0432659089565277,0.0006103515625,0.2510915735247405
0.2239999999999999,0.0432900935411453,0.00030517578125,0.2517233610567379
0.2245,0.043314404785633,0.0,0.25236961752460024
0.2249999999999999,0.0433384254574775,0.0006103515625,0.2526481842550981
0.2255,0.0433625765144825,0.001220703125,0.25299745441968174
0.2259999999999999,0.0433865189552307,-0.00030517578125,0.25309759263337384
0.2265,0.0434105992317199,0.00030517578125,0.2533010697464968
0.2269999999999999,0.0434348285198211,0.0006103515625,0.2536014504584432
0.2275,0.0434590429067611,0.00030517578125,0.2538350479300592
0.2279999999999999,0.0434831567108631,0.0,0.2539343048201883
0.2285,0.0435071922838687,0.00091552734375,0.2539388138762691
0.2289999999999999,0.0435312874615192,0.0006103515625,0.2539894315183605
0.2295,0.0435551926493644,0.00091552734375,0.2538496526027312
0.2299999999999999,0.0435793995857238,0.0,0.25399536353890756
0.2305,0.0436036847531795,0.0006103515625,0.2541805322641186
0.2309999999999999,0.0436277836561203,0.0,0.25415778707728176
0.2315,0.0436518900096416,0.0,0.2541348590979582
0.2319999999999999,0.0436759069561958,0.00030517578125,0.254021285989965
0.2325,0.0437002927064895,0.0,0.25425015068050655
0.2329999999999999,0.0437244996428489,0.00030517578125,0.254270493612426
0.2335,0.0437484979629516,0.0006103515625,0.2540839515001156
0.2339999999999999,0.0437729954719543,0.0,0.2543673240562475
0.2345,0.0437972731888294,0.0,0.2543938129342089
0.235,0.043821282684803,0.0006103515625,0.2541593068292822
0.2355,0.0438452772796154,0.00091552734375,0.2539333182436595
0.236,0.0438692979514598,0.00030517578125,0.25375113016646406
0.2365,0.0438933596014976,0.00030517578125,0.25361950188732757
0.237,0.0439173765480518,0.00030517578125,0.2534537705621166
0.2375,0.043941143900156,-0.00030517578125,0.25306946789412155
0.238,0.0439654812216758,0.00030517578125,0.25324637623746143
0.2385,0.0439894460141658,0.00030517578125,0.25304008516959736
0.239,0.044013537466526,0.00030517578125,0.25296427476861605
0.2395,0.044037465006113,0.00030517578125,0.25273288222889473
0.24,0.0440616831183433,0.0006103515625,0.2527831915857052
0.2405,0.044085681438446,0.00091552734375,0.2526075230895287
0.241,0.0441096387803554,0.00091552734375,0.2524012346295866
0.2415,0.0441339388489723,0.0006103515625,0.25251883373634315
0.242,0.0441581532359123,0.0006103515625,0.2525212000858323
0.2425,0.0441822484135627,0.00030517578125,0.25239478585316594
0.243,0.0442061945796012,0.0006103515625,0.25213014356109265
0.2435,0.0442305505275726,0.0,0.2522581585235771
0.244,0.0442544370889663,0.0006103515625,0.25191952825727076
0.2445,0.0442784912884235,0.00030517578125,0.2517626853520601
0.245,0.0443027429282665,0.0,0.2517855786351456
0.2455,0.0443269647657871,0.0,0.25175590720842883
0.246,0.0443507060408592,0.0,0.2512697662463478
0.2465,0.0443751737475395,0.00030517578125,0.2514934565380871
0.247,0.0443995222449302,0.00030517578125,0.2515539589416396
0.2475,0.0444232299923896,0.0,0.25099757568687503
0.248,0.0444477684795856,0.0,0.2512533938344179
0.2485,0.0444719120860099,0.0006103515625,0.25108661767651247
0.249,0.0444961003959178,0.0006103515625,0.25096423953312
0.2495,0.0445201285183429,0.0006103515625,0.2506973392480136
0.25,0.044544331729412,0.0006103515625,0.2506186437636989
0.2504999999999999,0.0445681139826774,0.00030517578125,0.25016211462671467
0.251,0.0445922240614891,0.00030517578125,0.2500651667620016
0.2514999999999999,0.0446167886257171,0.00030517578125,0.2503965428188374
0.252,0.0446408428251743,0.00030517578125,0.2502228668816336
0.2524999999999999,0.0446649305522441,0.0006103515625,0.2501163944205801
0.253,0.0446891821920871,0.00030517578125,0.250190397686568
0.2534999999999999,0.0447132028639316,0.0,0.25006411966022046
0.254,0.0447372496128082,0.00030517578125,0.2500033463337707
0.2544999999999999,0.044761698693037,0.00030517578125,0.2503460279295859
0.255,0.0447857789695262,0.0006103515625,0.2503378180966633
0.2554999999999999,0.0448098517954349,0.0006103515625,0.2503628570300237
0.256,0.0448338873684406,0.0,0.250393415484462
0.2564999999999999,0.044858019798994,0.0006103515625,0.2505544928531872
0.257,0.0448823198676109,0.00030517578125,0.2508973474521385
0.2574999999999999,0.044906098395586,0.0006103515625,0.25077117638238644
0.258,0.0449303910136222,0.0006103515625,0.2511909376551733
0.2584999999999999,0.0449544638395309,0.0006103515625,0.2514139782626999
0.259,0.0449782721698284,0.0006103515625,0.2514328131208571
0.2594999999999999,0.0450024902820587,0.0006103515625,0.2518951804567359
0.26,0.0450268983840942,0.0006103515625,0.25254064304204665
0.2604999999999999,0.0450507886707782,0.00091552734375,0.25270044717396056
0.261,0.0450748242437839,0.00030517578125,0.2530547372750695
0.2614999999999999,0.0450991317629814,0.00030517578125,0.2536959684125512
0.262,0.0451231896877288,0.0,0.2541112889423868
0.2624999999999999,0.0451470464468002,0.0006103515625,0.2543805513768851
0.263,0.0451713390648365,0.00030517578125,0.255112369245751
0.2634999999999999,0.0451953560113906,-0.00030517578125,0.2555912991313648
0.264,0.0452192835509777,0.0,0.2560281264928052
0.2644999999999999,0.0452436730265617,0.00091552734375,0.256941907173242
0.265,0.0452674403786659,0.0,0.25726872965756326
0.2654999999999999,0.0452917069196701,0.00030517578125,0.25813359364192184
0.266,0.0453151874244213,0.00030517578125,0.25828062617417186
0.2664999999999999,0.045338399708271,0.0006103515625,0.25829829656671266
0.267,0.045360580086708,0.0006103515625,0.2575133677716363
0.2674999999999999,0.04538244754076,0.00030517578125,0.2567108040117391
0.268,0.0454032607376575,0.0006103515625,0.2552303966653934
0.2684999999999999,0.0454222075641155,0.00030517578125,0.25243329156441086
0.269,0.0454401820898056,0.00030517578125,0.24935138657343467
0.2694999999999999,0.0454555451869964,7.9400634765625,0.24457205945583824
0.27,0.0454694367945194,7.95379638671875,0.23946014232795843
0.2704999999999999,0.0454807728528976,7.9498291015625,0.23408108473059497
0.271,0.0454897545278072,7.94586181640625,0.23148282302690865
0.2714999999999999,0.0454957596957683,7.94708251953125,0.23379746085892758
0.272,0.0454987771809101,7.94921875,0.23677747631826718
0.2724999999999999,0.045499000698328,7.94586181640625,0.2387065346543656
0.273,0.0454961098730564,7.94891357421875,0.24011621170817427
0.2734999999999999,0.0454900860786438,7.9461669921875,0.2421992065376562
0.274,0.0454800836741924,7.94677734375,0.24593872818228335
0.2744999999999999,0.0454658344388008,0.001220703125,0.25329219090530775
0.275,0.0454479344189167,0.00091552734375,0.26656695066628827
0.2754999999999999,0.0454266183078289,0.0006103515625,0.28609374661543296
0.276,0.0454034246504306,0.00030517578125,0.31188232510702857
0.2764999999999999,0.0453806035220623,0.00030517578125,0.3442486477026672
0.277,0.045358657836914,0.0006103515625,0.3821556748770174
0.2774999999999999,0.0453400574624538,0.00091552734375,0.4277268846343864
0.278,0.045323722064495,0.00030517578125,0.479416931181904
0.2784999999999999,0.0453094132244586,0.0,0.5369249395649457
0.279,0.0452962853014469,-0.0006103515625,0.5991144061069216
0.2794999999999999,0.0452846176922321,7.94158935546875,0.6664407145716956
0.28,0.0452732034027576,7.95684814453125,0.7370175606442041
0.2804999999999999,0.0452616810798645,7.9461669921875,0.8100972513274445
0.281,0.0452506318688392,7.94708251953125,0.8865414564761119
0.2815,0.0452397838234901,7.950439453125,0.9657545057772111
0.282,0.0452291294932365,7.94525146484375,1.0475907742783217
0.2825,0.0452181249856948,7.9486083984375,1.1308040708560434
0.283,0.0452067926526069,7.94586181640625,1.2152225272070794
0.2835,0.0451937541365623,7.94769287109375,1.2976079480034723
0.284,0.0451784655451774,7.94677734375,1.376343526718441
0.2845,0.0451606102287769,0.00091552734375,1.4502693062456251
0.285,0.0451407097280025,0.00030517578125,1.5202164811472763
0.2855,0.0451197028160095,0.00091552734375,1.588162928809466
0.286,0.0450991839170455,0.00030517578125,1.657854281280116
0.2865,0.0450801588594913,0.00091552734375,1.7317882752445763
0.287,0.0450620874762535,0.00091552734375,1.8086158896241382
0.2875,0.0450459532439708,0.00091552734375,1.8909357760893857
0.288,0.0450306870043277,0.0006103515625,1.975959272555814
0.2885,0.0450166836380958,0.00030517578125,2.064774455935091
0.289,0.0450038462877273,0.0006103515625,2.1571420947558386
0.2895,0.0449915491044521,7.9388427734375,2.251282382816208
0.29,0.0449797883629798,7.95501708984375,2.3471446242903578
0.2905,0.0449679642915725,7.947998046875,2.442892328617007
0.291,0.0449570640921592,7.945556640625,2.541454099361863
0.2915,0.044946014881134,7.9486083984375,2.639481359134762
0.292,0.0449355207383632,7.94464111328125,2.739119998403946
0.2925,0.0449255742132663,7.947998046875,2.840319754695395
0.293,0.0449161790311336,7.94708251953125,2.9430655529858996
0.2935,0.0449061021208763,7.945556640625,3.0431854076476195
0.294,0.0448953323066234,7.9473876953125,3.1405243590814993
0.2945,0.0448839627206325,0.00091552734375,3.2352946744568314
0.295,0.0448720231652259,0.0006103515625,3.327510418583893
0.2955,0.0448599457740783,0.00030517578125,3.418631523048672
0.296,0.0448477603495121,0.00030517578125,3.508716694318248
0.2965,0.0448359102010726,0.0006103515625,3.5993356110591863
0.297,0.044823408126831,0.0006103515625,3.6868218016753653
0.2975,0.0448117777705192,0.0006103515625,3.7768164799930526
0.298,0.0448000244796276,0.00091552734375,3.8655566264166676
0.2985,0.0447887554764747,0.0006103515625,3.9553380727878262
0.299,0.0447779707610607,0.00030517578125,4.0461501663058606
0.2995,0.0447676330804824,7.9388427734375,4.13783442667807
0.3,0.0447570830583572,7.95257568359375,4.227773348325787
0.3005,0.0447472222149372,7.947998046875,4.3195500313299915
0.301,0.0447377488017082,7.94464111328125,4.411941262114594
0.3015,0.044728223234415,7.94586181640625,4.503141801931751
0.302,0.0447188355028629,7.94769287109375,4.593917774690016
0.3025,0.0447095669806003,7.9443359375,4.684177744705015
0.303,0.0447003319859504,7.9486083984375,4.773548080233389
0.3035,0.0446906015276908,7.9443359375,4.859759200767301
0.304,0.044679906219244,7.94647216796875,4.940784385230025
0.3045,0.0446683205664157,0.0006103515625,5.016935336030564
0.305,0.0446566827595233,0.00091552734375,5.091847874392685
0.3055,0.0446447879076004,0.0,5.164621156365562
0.306,0.0446330122649669,0.0006103515625,5.236911209931532
0.3065,0.0446210131049156,0.0006103515625,5.307193332025676
0.307,0.0446091741323471,0.0,5.377183065225792
0.3075,0.0445973873138427,0.0006103515625,5.446391791241249
0.308,0.0445857383310794,0.00030517578125,5.515206755612388
0.3085,0.0445744171738624,0.0006103515625,5.5844920115259225
0.309,0.0445632152259349,0.00030517578125,5.653286697149503
0.3095,0.0445521511137485,7.9412841796875,5.721677116951402
0.31,0.0445412024855613,7.9559326171875,5.7895591165665845
0.3105,0.044530551880598,7.94464111328125,5.857788530223168
0.311,0.0445203073322773,7.9473876953125,5.926867485488608
0.3115,0.0445101335644722,7.94952392578125,5.995211271402368
0.312,0.0445004217326641,7.9443359375,6.064680193694068
0.3125,0.0444908216595649,7.947998046875,6.133595349403592
0.3129999999999999,0.0444812513887882,7.94464111328125,6.201567811200791
0.3135,0.0444706454873085,7.94647216796875,6.263453622574753
0.3139999999999999,0.0444592386484146,7.94586181640625,6.320434345838167
0.3145,0.0444467775523662,0.0006103515625,6.371318937354352
0.3149999999999999,0.0444341972470283,0.00030517578125,6.420731309137438
0.3155,0.0444215796887874,0.0006103515625,6.469086654767823
0.3159999999999999,0.0444088913500309,0.0006103515625,6.516229896765587
0.3165,0.0443963594734668,0.00030517578125,6.563294183495409
0.3169999999999999,0.0443836748600006,0.0006103515625,6.608747152272031
0.3175,0.0443715080618858,0.00030517578125,6.655942970781436
0.3179999999999999,0.0443594083189964,0.0006103515625,6.702610707062214
0.3185,0.0443476401269435,0.0006103515625,6.750082279194633
0.3189999999999999,0.0443360432982444,0.0,6.797544910356809
0.3195,0.0443249009549617,7.939453125,6.846422773725107
0.3199999999999999,0.0443132892251014,7.9522705078125,6.8920249962889715
0.3205,0.0443022213876247,7.94525146484375,6.939539543889046
0.3209999999999999,0.0442912802100181,7.9461669921875,6.986815697106119
0.3215,0.0442803800106048,7.94677734375,7.033422341012527
0.3219999999999999,0.0442699790000915,7.94708251953125,7.081718150998437
0.3225,0.0442592650651931,7.945556640625,7.127499433764613
0.3229999999999999,0.0442484207451343,7.9449462890625,7.171738847078953
0.3235,0.0442366078495979,7.94677734375,7.210107375397361
0.3239999999999999,0.0442243702709674,7.94342041015625,7.24550118172356
0.3245,0.044211059808731,0.00091552734375,7.274587406721525
0.3249999999999999,0.0441979132592678,0.00091552734375,7.303901374062048
0.3255,0.0441848002374172,0.00030517578125,7.332757925775597
0.3259999999999999,0.0441718623042106,0.0006103515625,7.361901388691616
0.3265,0.0441587828099727,0.0006103515625,7.389670427905086
0.3269999999999999,0.0441463664174079,0.0006103515625,7.420310461363646
0.3275,0.0441338829696178,0.00030517578125,7.449934605897753
0.3279999999999999,0.0441217757761478,0.00030517578125,7.480895367231664
0.3285,0.0441095232963562,0.0,7.51041889259061
0.3289999999999999,0.0440978780388832,0.0,7.542511115564948
0.3295,0.0440858751535415,7.9376220703125,7.572010482106646
0.3299999999999999,0.0440740287303924,7.9522705078125,7.6016909425394825
0.3305,0.0440625809133052,7.9461669921875,7.632840014576084
0.3309999999999999,0.0440510809421539,7.94525146484375,7.6630283097297625
0.3315,0.044039461761713,7.945556640625,7.691913711554935
0.3319999999999999,0.0440282151103019,7.94769287109375,7.722153106385401
0.3325,0.0440174117684364,7.9443359375,7.754100958032536
0.3329999999999999,0.0440059304237365,7.94525146484375,7.78169961846125
0.3335,0.0439940840005874,7.94647216796875,7.806694549437344
0.3339999999999999,0.043981485068798,7.943115234375,7.827031652101554
0.3345,0.0439685545861721,0.00091552734375,7.845057344158263
0.3349999999999999,0.04395517334342,0.0006103515625,7.860162331778309
0.3355,0.0439422577619552,0.0,7.877359260566522
0.3359999999999999,0.0439292304217815,0.00030517578125,7.893478981131317
0.3365,0.0439164564013481,0.0006103515625,7.910525174344136
0.3369999999999999,0.0439041890203952,0.00091552734375,7.929856303263053
0.3375,0.0438917391002178,0.00030517578125,7.9476830510974015
0.3379999999999999,0.0438794121146202,0.0,7.9656943802101825
0.3385,0.0438671447336673,0.00030517578125,7.983540111155856
0.3389999999999999,0.0438548251986503,-0.00030517578125,8.000612729775693
0.3395,0.0438428297638893,7.93792724609375,8.01898181519494
0.3399999999999999,0.0438308902084827,7.95166015625,8.03715907012471
0.3405,0.0438192896544933,7.9461669921875,8.056695952516812
0.3409999999999999,0.0438073985278606,7.94464111328125,8.074117793008929
0.3415,0.043795920908451,7.94525146484375,8.093328198498611
0.3419999999999999,0.0437846556305885,7.94708251953125,8.11319162767972
0.3425,0.0437733307480812,7.9443359375,8.132197137293202
0.3429999999999999,0.0437617525458335,7.94342041015625,8.149291643948068
0.3435,0.043749775737524,7.94647216796875,8.163699522620673
0.344,0.0437373034656047,7.943115234375,8.17492903833727
0.3445,0.0437242314219474,0.0006103515625,8.182455132528823
0.345,0.043710857629776,0.0006103515625,8.187988415513646
0.3455,0.0436978861689567,0.0006103515625,8.195454513556939
0.346,0.0436847098171711,0.00030517578125,8.201458466201407
0.3465,0.0436717383563518,0.0,8.208298010704134
0.347,0.0436593480408191,0.00091552734375,8.21803530370496
0.3475,0.043646439909935,0.0006103515625,8.224535174102055
0.348,0.0436341427266597,0.0006103515625,8.234107487181449
0.3485,0.0436219125986099,0.0006103515625,8.243680554160294
0.349,0.0436096675693988,0.00091552734375,8.252798779322955
0.3495,0.0435972511768341,7.93701171875,8.260606365576114
0.35,0.0435854978859424,7.95135498046875,8.271755699217174
0.3505,0.0435733124613761,7.94677734375,8.280103254057105
0.351,0.0435615181922912,7.94464111328125,8.290274479048994
0.3515,0.043549757450819,7.9443359375,8.300247618858164
0.352,0.0435381047427654,7.94677734375,8.310445078101656
0.3525,0.0435270518064498,7.94342041015625,8.323592115891156
0.353,0.0435148142278194,7.94464111328125,8.32969659445386
0.3535,0.0435029827058315,7.94586181640625,8.33774887883232
0.354,0.0434905365109443,7.94281005859375,8.342015409956147
0.3545,0.0434771403670311,0.00030517578125,8.340694976619307
0.355,0.0434639602899551,0.0006103515625,8.340390466773933
0.3555,0.0434506498277187,0.0006103515625,8.339148424045337
0.356,0.0434373617172241,0.0,8.337838957871865
0.3565,0.0434247776865959,0.00030517578125,8.34026420197317
0.357,0.0434121005237102,0.0006103515625,8.341908367046786
0.3575,0.0433994755148887,0.00030517578125,8.343595616392262
0.358,0.0433868691325187,0.0006103515625,8.345137883545743
0.3585,0.0433745719492435,0.0,8.348156369894307
0.359,0.043362021446228,0.00091552734375,8.34948597435532
0.3595,0.0433499775826931,7.93853759765625,8.353398655443174
0.36,0.0433377884328365,7.9522705078125,8.356206747110397
0.3605,0.0433256663382053,7.94464111328125,8.35911757417967
0.361,0.0433137789368629,7.9461669921875,8.363063432036775
0.3615,0.0433019734919071,7.94708251953125,8.367173658267657
0.362,0.0432904474437236,7.94525146484375,8.372548235022268
0.3625,0.0432788208127021,7.9461669921875,8.377038522332214
0.363,0.0432671345770359,7.94219970703125,8.380891730209626
0.3635,0.043255403637886,7.94677734375,8.384192952323573
0.364,0.0432426482439041,7.94342041015625,8.381473277005744
0.3645,0.043229516595602,0.00030517578125,8.376469221904342
0.365,0.043216198682785,0.0006103515625,8.370148701271589
0.3655,0.0432029254734516,0.00030517578125,8.363688385334548
0.366,0.043189987540245,0.0,8.358695647867098
0.3665,0.0431772693991661,0.00030517578125,8.354480550903256
0.367,0.0431644096970558,0.00091552734375,8.3489949800251
0.3675,0.0431516058743,0.0006103515625,8.343349016928382
0.368,0.0431393831968307,0.0006103515625,8.340451559332728
0.3685,0.0431270971894264,0.0006103515625,8.33663861543226
0.369,0.0431147664785385,0.0,8.332007466682077
0.3695,0.0431024394929409,0.00030517578125,8.326823026126048
0.37,0.0430904105305671,0.0,8.32270921582286
0.3705,0.04307846352458,0.0,8.318416213731563
0.371,0.0430663377046585,0.0006103515625,8.312470628636884
0.3715,0.0430547073483467,0.0006103515625,8.308626278694527
0.372,0.0430430397391319,0.0,8.303854460314072
0.3725,0.043031807988882,0.0,8.300767088341074
0.373,0.0430202335119247,0.00091552734375,8.294975932785944
0.3735,0.0430091135203838,0.0006103515625,8.290922180291778
0.374,0.0429975688457489,0.00030517578125,8.283656105174131
0.3745,0.042986299842596,0.00030517578125,8.277089359779191
0.375,0.0429752096533775,0.00030517578125,8.270634531667712
0.3754999999999999,0.0429646745324134,0.00030517578125,8.266328046617755
0.376,0.0429533384740352,0.0006103515625,8.256569191777928
0.3764999999999999,0.0429426953196525,0.00030517578125,8.249697703896286
0.377,0.0429321676492691,0.0006103515625,8.24241305100851
0.3774999999999999,0.042921595275402,0.0,8.233784057081339
0.378,0.0429111905395984,0.0,8.224958887010377
0.3784999999999999,0.0429010353982448,0.00030517578125,8.216345963780206
0.379,0.0428913980722427,0.00030517578125,8.209365230546926
0.3794999999999999,0.0428817979991436,-0.00030517578125,8.201276793544993
0.38,0.0428730063140392,0.00030517578125,8.196298359002988
0.3804999999999999,0.0428639985620975,0.00030517578125,8.188648844502032
0.381,0.0428549274802207,0.00030517578125,8.179157969275272
0.3814999999999999,0.0428465828299522,0.0006103515625,8.172151801628152
0.382,0.0428379625082016,0.00030517578125,8.161989081928013
0.3824999999999999,0.0428294762969017,0.0,8.150919304396455
0.383,0.04282146692276,0.00030517578125,8.140774465503258
0.3834999999999999,0.0428136698901653,0.0,8.130005282503287
0.384,0.0428058467805385,0.0,8.117234340041149
0.3844999999999999,0.0427980832755565,0.00030517578125,8.102900747571686
0.385,0.0427912063896656,0.0,8.09149288093101
0.3854999999999999,0.042784109711647,0.00091552734375,8.076802625003983
0.386,0.0427772849798202,0.00030517578125,8.061505600718414
0.3864999999999999,0.04277029260993,0.0,8.043125404225734
0.387,0.0427634008228778,0.00030517578125,8.023107040944328
0.3874999999999999,0.0427561402320861,0.00030517578125,7.998834230668275
0.388,0.042748536914587,0.0,7.970458769869851
0.3884999999999999,0.0427410006523132,0.0006103515625,7.940209987884018
0.389,0.042732436209917,0.00030517578125,7.9021062339984605
0.3894999999999999,0.0427240915596485,0.00091552734375,7.863002525317338
0.39,0.0427149459719657,0.0,7.817339799911021
0.3904999999999999,0.0427054539322853,0.00091552734375,7.767613508345885
0.391,0.0426955409348011,0.00030517578125,7.713762046623391
0.3914999999999999,0.0426854491233825,0.00030517578125,7.65779182741898
0.392,0.0426750481128692,0.00030517578125,7.598989951372076
0.3924999999999999,0.0426638275384902,0.0,7.534513630638276
0.393,0.0426527000963687,0.0006103515625,7.46910499696636
0.3934999999999999,0.0426408387720584,0.0,7.398183061632305
0.394,0.0426289364695549,0.0,7.325228404414342
0.3944999999999999,0.0426172129809856,-0.00030517578125,7.251098501533455
0.395,0.0426051132380962,-0.00030517578125,7.172537657094926
0.3954999999999999,0.0425933748483657,0.00030517578125,7.09298578233306
0.396,0.0425812378525733,0.00030517578125,7.007995911194014
0.3964999999999999,0.0425686761736869,0.0006103515625,6.916959927842598
0.397,0.0425556674599647,0.0006103515625,6.8192404855341815
0.3974999999999999,0.0425416491925716,0.00030517578125,6.71152256759371
0.398,0.0425268672406673,0.00030517578125,6.5947323205709125
0.3984999999999999,0.0425111539661884,0.00030517578125,6.46781070519668
0.399,0.0424946919083595,0.00030517578125,6.331712767772967
0.3994999999999999,0.0424774698913097,0.00030517578125,6.186629969827638
0.4,0.0424596890807151,0.00091552734375,6.0341269914336255
0.4004999999999999,0.0424413308501243,0.00030517578125,5.87489574837416
0.401,0.0424224138259887,0.00030517578125,5.710138888717688
0.4014999999999999,0.0424035266041755,0.00030517578125,5.543556551466348
0.402,0.0423845648765563,0.0006103515625,5.375505725800101
0.4024999999999999,0.0423655062913894,0.00091552734375,5.206791660266375
0.403,0.0423468127846717,0.0006103515625,5.040044503091011
0.4034999999999999,0.0423278883099556,0.00030517578125,4.873358039267508
0.404,0.0423094928264617,0.0,4.710404495368212
0.4044999999999999,0.0422912016510963,0.0,4.549669136507189
0.405,0.0422729887068271,-0.00030517578125,4.391441014169425
0.4054999999999999,0.042255625128746,0.00030517578125,4.238920850234564
0.406,0.0422381237149238,0.00030517578125,4.088197973566783
0.4065,0.0422211736440658,0.0006103515625,3.942227971052715
0.407,0.0422047935426235,0.00030517578125,3.8009385879146156
0.4075,0.0421882756054401,0.0,3.6617868912307756
0.408,0.0421722494065761,-0.00030517578125,3.527302674247448
0.4085,0.0421569049358367,0.0006103515625,3.3979654546909046
0.409,0.0421412140130996,0.0,3.270198182229163
0.4095,0.0421259887516498,0.0,3.1470847116375227
0.41,0.0421114228665828,0.0006103515625,3.029010438034876
0.4105,0.0420964248478412,0.00030517578125,2.9123483636945298
0.411,0.0420818626880645,0.0006103515625,2.8001870617777658
0.4115,0.0420675948262214,0.0,2.6918642920143077
0.412,0.0420534797012805,0.00091552734375,2.5868626230465464
0.4125,0.0420393869280815,0.0006103515625,2.4848073784324702
0.413,0.0420255586504936,0.00030517578125,2.3864169776332296
0.4135,0.0420117825269699,0.0,2.290979109873452
0.414,0.0419983230531215,0.0006103515625,2.1991969432144924
0.4145,0.0419848561286926,0.00030517578125,2.1100607268716214
0.415,0.0419715084135532,0.0006103515625,2.0239418852087825
0.4155,0.0419583022594451,0.0,1.940841116704379
0.416,0.0419450439512729,0.0,1.860226907559895
0.4165,0.0419316403567791,0.0006103515625,1.7819251089806065
0.417,0.0419184565544128,0.0006103515625,1.7068465526482077
0.4175,0.0419052354991436,0.00030517578125,1.6342307466571793
0.418,0.0418923087418079,0.0,1.564807512080778
0.4185,0.0418792329728603,0.00030517578125,1.4974216947454317
0.419,0.0418662466108799,0.0,1.4326590537819144
0.4195,0.0418531186878681,0.0006103515625,1.3699590248794167
0.42,0.0418399684131145,0.00091552734375,1.3095977950977693
0.4205,0.0418270975351333,0.00030517578125,1.2521234219378905
0.421,0.0418141968548297,0.00030517578125,1.1967383548887005
0.4215,0.0418012365698814,0.00030517578125,1.143365983685296
0.422,0.0417885668575763,0.0006103515625,1.0926491448631714
0.4225,0.0417753383517265,0.0006103515625,1.0428537985509416
0.423,0.0417628809809684,0.0006103515625,0.9965664249816871
0.4235,0.0417494252324104,0.0,0.95029060691162
0.424,0.0417367033660411,0.00030517578125,0.907359077594568
0.4245,0.041724145412445,0.00091552734375,0.8664267731008143
0.425,0.0417113453149795,0.0,0.8267326842556164
0.4255,0.0416985936462879,0.0,0.7888020833915059
0.426,0.0416856668889522,0.0006103515625,0.7522130082702687
0.4265,0.0416728295385837,0.0,0.7173735471141639
0.427,0.0416602715849876,0.0,0.6844669134883012
0.4275,0.0416478514671325,0.0,0.6531453298236078
0.428,0.0416348502039909,0.0,0.6222965954593086
0.4285,0.0416222847998142,0.0006103515625,0.5934833481353777
0.429,0.0416093692183494,0.0,0.5654281689586317
0.4295,0.0415970161557197,0.0,0.5394098477525473
0.43,0.0415842607617378,0.0006103515625,0.5139521990567889
0.4305,0.0415717773139476,0.0006103515625,0.48998773720364475
0.431,0.0415591746568679,0.00030517578125,0.46690271862018556
0.4315,0.0415473394095897,0.0006103515625,0.4457785179787258
0.432,0.0415359772741794,0.00030517578125,0.4260527467323892
0.4325,0.0415253713726997,0.00091552734375,0.40795052877513827
0.433,0.0415165983140468,0.0006103515625,0.39257140577115457
0.4335,0.0415090881288051,0.00091552734375,0.3789493946364116
0.434,0.0415038131177425,0.00030517578125,0.36798588021167966
0.4345,0.0415013767778873,0.0006103515625,0.3600284539459617
0.435,0.0415013432502746,-0.00030517578125,0.3541752146574477
0.4355,0.0415039770305156,0.0,0.3504119004013973
0.436,0.0415095798671245,0.0006103515625,0.34871993597037043
0.4365,0.0415179952979087,0.0,0.34862582156768834
0.437,0.0415290556848049,0.0006103515625,0.3497011913953206
0.4375,0.0415428951382637,0.0006103515625,0.3519575054233204
0.4379999999999999,0.0415589027106761,0.0006103515625,0.3546105777496232
0.4385,0.041577149182558,0.00030517578125,0.3577229568435868
0.4389999999999999,0.0415969118475914,0.00030517578125,0.3605221095664385
0.4395,0.0416182465851306,0.0006103515625,0.36317392088868217
0.4399999999999999,0.0416408814489841,0.00030517578125,0.3654948691855951
0.4405,0.0416639298200607,0.00091552734375,0.3666715535325664
0.4409999999999999,0.041687972843647,0.0006103515625,0.36759090507685893
0.4415,0.0417127385735511,0.00030517578125,0.3680762758969822
0.4419999999999999,0.0417376309633255,0.00030517578125,0.3676189114531321
0.4425,0.0417628027498722,0.00030517578125,0.36660895232257246
0.4429999999999999,0.0417881421744823,0.00030517578125,0.36507988398558017
0.4435,0.0418135151267051,0.0006103515625,0.36303336035063416
0.4439999999999999,0.0418386571109294,0.0,0.3603244354048281
0.4445,0.04186387732625,0.00030517578125,0.35744866657628016
0.4449999999999999,0.0418887957930564,0.0006103515625,0.3540729135929858
0.4455,0.0419134721159935,0.0,0.3503883112331153
0.4459999999999999,0.0419381111860275,0.0,0.34670141835259094
0.4465,0.0419626459479332,0.0006103515625,0.3429760793421592
0.4469999999999999,0.0419867374002933,0.00030517578125,0.33889311983830667
0.4475,0.0420108437538147,0.00091552734375,0.33501396484924006
0.4479999999999999,0.0420355945825576,0.00030517578125,0.3319819923014337
0.4485,0.0420596562325954,0.00030517578125,0.32830246334436314
0.4489999999999999,0.0420833826065063,0.0006103515625,0.3244682343245766
0.4495,0.0421078912913799,0.00030517578125,0.32166488775966195
0.4499999999999999,0.0421321578323841,0.0,0.3186927920441615
0.4505,0.0421564541757106,0.001220703125,0.3158763195886187
0.4509999999999999,0.0421804413199424,0.0006103515625,0.3128635473183714
0.4515,0.0422048568725585,0.0,0.31044581219070855
0.4519999999999999,0.0422288663685321,0.00030517578125,0.307701346129615
0.4525,0.0422535166144371,0.0006103515625,0.3057438103932699
0.4529999999999999,0.0422775074839592,0.0,0.3031669075738612
0.4535,0.0423014499247074,-0.00030517578125,0.3006875373693839
0.4539999999999999,0.0423260554671287,0.00030517578125,0.2990071487076147
0.4545,0.0423501767218112,0.00030517578125,0.29687904948048904
0.4549999999999999,0.0423743575811386,0.00030517578125,0.2949211075240792
0.4555,0.0423983111977577,0.0006103515625,0.2928347866519195
0.4559999999999999,0.0424227118492126,0.0,0.29130964225129047
0.4565,0.0424467027187347,0.00030517578125,0.2894314645847372
0.4569999999999999,0.0424710176885128,0.0,0.28797782050724685
0.4575,0.0424950681626796,0.0006103515625,0.28632288123782473
0.4579999999999999,0.042518988251686,0.0006103515625,0.28463424125077386
0.4585,0.0425432510673999,-0.00030517578125,0.28337988516060847
0.4589999999999999,0.0425673685967922,0.0,0.28203060558287213
0.4595,0.0425914041697979,-0.00030517578125,0.2806695441689458
0.4599999999999999,0.0426154322922229,0.0,0.2793763172844027
0.4605,0.0426395907998085,0.00091552734375,0.27827735131205955
0.4609999999999999,0.0426637604832649,0.00030517578125,0.2772352413253055
0.4615,0.0426878295838832,0.00030517578125,0.2761416307829309
0.4619999999999999,0.0427118316292762,0.0006103515625,0.27504065672485756
0.4625,0.0427360981702804,0.00030517578125,0.2742524477563694
0.4629999999999999,0.0427602156996727,0.0006103515625,0.27334340498372967
0.4635,0.0427841693162918,0.0006103515625,0.2723228528399133
0.4639999999999999,0.0428082607686519,0.00091552734375,0.2714958410216038
0.4645,0.0428326465189456,0.00030517578125,0.2709845733395659
0.4649999999999999,0.0428567044436931,0.0,0.2701603065207131
0.4655,0.042880542576313,0.00030517578125,0.26917425817499663
0.4659999999999999,0.0429049171507358,0.00091552734375,0.26876490380158286
0.4665,0.0429292395710945,0.00091552734375,0.2682961664558604
0.4669999999999999,0.042953472584486,0.0,0.26774583272028424
0.4675,0.0429773703217506,0.00030517578125,0.2668992430235066
0.4679999999999999,0.0430015921592712,0.0,0.2664209891729881
0.4685,0.0430257283151149,0.00030517578125,0.2658750033219091
0.469,0.0430499501526355,0.00030517578125,0.2654335571223266
0.4695,0.0430740639567375,0.00030517578125,0.26490508356894665
0.47,0.0430979058146476,0.0006103515625,0.2641507358401393
0.4705,0.0431220866739749,0.0006103515625,0.2637732763809128
0.471,0.0431463494896888,0.0006103515625,0.2634804186579909
0.4715,0.0431704111397266,0.0006103515625,0.26299930461249105
0.472,0.0431944131851196,0.0,0.26248902491780685
0.4725,0.0432189032435417,0.00030517578125,0.26246223848329964
0.473,0.043243259191513,0.0006103515625,0.26227478162246537
0.4735,0.0432669334113597,0.0,0.26144435480457684
0.474,0.0432911142706871,0.00091552734375,0.2611676404453569
0.4745,0.0433156564831733,0.0,0.26123213773976484
0.475,0.0433394275605678,0.00030517578125,0.2605370653447714
0.4755,0.0433637052774429,0.0006103515625,0.2603764282820554
0.476,0.0433880053460598,0.00030517578125,0.2602276753642872
0.4765,0.0434119254350662,0.0,0.2597202277343397
0.477,0.0434356667101383,0.0006103515625,0.25909241375465913
0.4775,0.0434598252177238,-0.00030517578125,0.25890830680421184
0.478,0.0434844046831131,0.0006103515625,0.25911010247081534
0.4785,0.0435081683099269,0.0,0.2585004791171962
0.479,0.0435324162244796,0.0006103515625,0.25840020185579876
0.4795,0.0435560308396816,0.00030517578125,0.2577068238426466
0.48,0.0435798913240432,0.0,0.2573169853901085
0.4805,0.0436036102473735,-0.00030517578125,0.256830021096028
0.481,0.0436274707317352,0.0006103515625,0.2565198095209792
0.4815,0.0436513163149356,0.0,0.2562166147090638
0.482,0.0436752550303936,0.0006103515625,0.256017049451031
0.4825,0.0436994656920433,0.00030517578125,0.2560714895954066
0.483,0.0437233000993728,0.00030517578125,0.25574660593437487
0.4835,0.043747529387474,0.00030517578125,0.25580463227902644
0.484,0.0437716953456401,0.0006103515625,0.25576955035110244
0.4845,0.0437960773706436,0.00091552734375,0.25591238740993316
0.485,0.0438201427459716,0.00030517578125,0.25571711666127184
0.4855,0.0438446886837482,0.00030517578125,0.2559628819876646
0.486,0.0438691414892673,0.0006103515625,0.2560634450287596
0.4865,0.0438928827643394,-0.00030517578125,0.2554721847717154
0.487,0.0439172200858593,0.00091552734375,0.2554897798953137
0.4875,0.0439415127038955,0.0006103515625,0.2554400346591288
0.488,0.0439657978713512,0.00030517578125,0.2553658765524977
0.4885,0.0439900048077106,0.0,0.25520579688677764
0.489,0.0440143533051013,0.0006103515625,0.25517498851945114
0.4895,0.04403842613101,0.00030517578125,0.254872015964127
0.49,0.0440627224743366,0.00030517578125,0.2547947096644347
0.4905,0.0440867133438587,0.0,0.2544259576968884
0.491,0.0441109202802181,0.0,0.25428466149639917
0.4915,0.0441351532936096,0.00030517578125,0.2541644752470589
0.492,0.0441592782735824,0.0,0.253937665630618
0.4925,0.04418371245265,0.0006103515625,0.25400404781877023
0.493,0.0442074574530124,0.00030517578125,0.25340688771505826
0.4935,0.0442316867411136,0.0006103515625,0.2533136306503477
0.494,0.0442557856440544,0.0006103515625,0.2530914976393323
0.4945,0.0442797169089317,-0.00030517578125,0.25272587789532036
0.495,0.0443035140633583,0.0006103515625,0.2522679397753915
0.4955,0.0443274527788162,0.00030517578125,0.25198054845974016
0.496,0.0443515256047248,-0.00030517578125,0.25183310582446233
0.4965,0.0443752668797969,0.0006103515625,0.25137973766995664
0.497,0.0443994179368019,0.0006103515625,0.25133884987644833
0.4975,0.0444235056638717,0.00030517578125,0.2512220292544606
0.498,0.0444473326206207,0.0,0.2508560745448624
0.4985,0.0444719828665256,0.00030517578125,0.2512628761884698
0.499,0.044496089220047,0.0006103515625,0.25109109643759026
0.4995,0.0445202216506004,0.0006103515625,0.2509466625443066
0.5,0.0445444956421852,0.0006103515625,0.2509369087337778
0.5005,0.0445687547326087,0.0,0.25090479757244777
0.5009999999999999,0.044592972844839,0.00030517578125,0.25083530270946175
0.5015000000000001,0.0446170084178447,0.0006103515625,0.2506089338036381
0.502,0.0446413792669773,0.00030517578125,0.2507246589591721
0.5025,0.0446655005216598,0.0,0.2506085720215823
0.5029999999999999,0.0446894019842147,0.0006103515625,0.25032369126427867
0.5035000000000001,0.0447137020528316,0.0,0.2504594556477274
0.504,0.0447379946708679,0.00030517578125,0.2505919899486168
0.5045,0.0447621084749698,0.00030517578125,0.2505721206344601
0.5049999999999999,0.0447860360145568,-0.00030517578125,0.2504185738646818
0.5055000000000001,0.0448102615773677,0.0,0.2505947590490243
0.506,0.0448343753814697,-0.00030517578125,0.2506850685263592
0.5065,0.0448586009442806,0.00091552734375,0.25090945705504647
0.5069999999999999,0.0448826886713504,0.00030517578125,0.25102657839478243
0.5075000000000001,0.0449067540466785,0.00030517578125,0.25116241851179005
0.508,0.0449306555092334,0.0,0.2511887612995443
0.5085,0.0449548810720443,0.0006103515625,0.25156804071571903
0.5089999999999999,0.0449791401624679,0.0006103515625,0.25199066769368206
0.5095000000000001,0.0450031608343124,0.00030517578125,0.2522077928625652
0.51,0.0450271554291248,0.00030517578125,0.25244592857484377
0.5105,0.045051347464323,0.00030517578125,0.2529110610322326
0.5109999999999999,0.0450752638280391,0.0,0.25314303225970297
0.5115000000000001,0.0450991913676261,0.00030517578125,0.25343763849772005
0.512,0.0451236926019191,0.0006103515625,0.25430845226942206
0.5125,0.0451473258435726,0.00030517578125,0.25435733363241925
0.5129999999999999,0.0451715514063835,0.0006103515625,0.2550430946538475
0.5135000000000001,0.0451955497264862,0.00030517578125,0.25552807006653916
0.514,0.0452197045087814,0.00030517578125,0.256194334743506
0.5145,0.0452441573143005,0.00030517578125,0.25715190169619917
0.5149999999999999,0.0452681742608547,0.0,0.257688526171054
0.5155000000000001,0.0452920757234096,0.00091552734375,0.2581644940054204
0.516,0.0453158728778362,0.0006103515625,0.25860744872029706
0.5165,0.0453388951718807,-0.00030517578125,0.258409882898304
0.5169999999999999,0.0453618131577968,0.0006103515625,0.2582920336865337
0.5175000000000001,0.0453835912048816,0.0006103515625,0.25730043681552783
0.518,0.0454043336212635,0.00030517578125,0.25566852729052975
0.5185,0.0454241186380386,0.00030517578125,0.2535794437607278
0.5189999999999999,0.045441884547472,0.0,0.25014762407433777
0.5195000000000001,0.0454579703509807,7.93975830078125,0.24589712304092107
0.52,0.0454714819788932,7.9534912109375,0.24037150360682227
0.5205,0.0454828664660453,7.94708251953125,0.2356653560430882
0.5209999999999999,0.0454917140305042,7.94647216796875,0.2346656842627713
0.5215000000000001,0.045497540384531,7.94708251953125,0.23838657030364613
0.522,0.0455004721879959,7.9486083984375,0.24161634450905367
0.5225,0.0455003827810287,7.94586181640625,0.24380048954245498
0.5229999999999999,0.0454971753060817,7.9461669921875,0.2457384939211895
0.5235000000000001,0.0454910099506378,7.94677734375,0.24894739043726555
0.524,0.0454805195331573,7.9443359375,0.25409237647845906
0.5245,0.0454655513167381,0.0006103515625,0.26324198003164556
0.5249999999999999,0.0454463511705398,0.0006103515625,0.2780031377954969
0.5255000000000001,0.0454237610101699,0.0006103515625,0.2987566957396063
0.526,0.0453993380069732,0.0006103515625,0.32519964817305114
0.5265,0.0453747846186161,0.0,0.35707317909075315
0.5269999999999999,0.0453519895672798,0.00030517578125,0.3950938344905019
0.5275000000000001,0.0453326702117919,0.00091552734375,0.4407199937235524
0.528,0.0453150682151317,0.0,0.4915987350372758
0.5285,0.045300219208002,0.00030517578125,0.549144311508767
0.5289999999999999,0.0452864244580268,0.0006103515625,0.6110924625878876
0.5295000000000001,0.0452732853591442,7.93914794921875,0.6768170381651265
0.53,0.0452608205378055,7.9547119140625,0.7463029002919467
0.5305,0.0452489517629146,7.94708251953125,0.8193706494379176
0.5309999999999999,0.0452371910214424,7.9449462890625,0.8950819725998623
0.5315000000000001,0.0452259555459022,7.9486083984375,0.97408231019717
0.532,0.0452152825891971,7.9437255859375,1.0563717070795797
0.5325,0.0452046915888786,7.9473876953125,1.140894216610204
0.5329999999999999,0.0451938509941101,7.94647216796875,1.2267969927817604
0.5335000000000001,0.0451818145811557,7.9449462890625,1.3117848221854076
0.534,0.0451678670942783,7.94677734375,1.3939117744768954
0.5345,0.0451515205204486,0.0006103515625,1.4716335294611897
0.5349999999999999,0.0451333113014698,0.0006103515625,1.5458253277158907
0.5355000000000001,0.0451142489910125,0.0006103515625,1.618650362962194
0.536,0.0450951755046844,0.0006103515625,1.6920239900951872
0.5365,0.0450768172740936,0.00030517578125,1.7677152645407896
0.5369999999999999,0.0450597591698169,0.00030517578125,1.847218300999546
0.5375000000000001,0.045043621212244,0.00030517578125,1.9295565884761248
0.538,0.0450282208621501,0.0006103515625,2.0142310221378885
0.5385,0.0450143367052078,0.00030517578125,2.1033898677472695
0.5389999999999999,0.0450010038912296,0.0,2.1943494025196824
0.5395000000000001,0.044988427311182,7.93731689453125,2.2876702631617762
0.54,0.044976633042097,7.952880859375,2.383412161281793
0.5405,0.044965349137783,7.9473876953125,2.4807380814613924
0.5409999999999999,0.0449541211128234,7.9437255859375,2.5782115090592344
0.5415000000000001,0.0449439883232116,7.94647216796875,2.679023886704917
0.542,0.0449344366788864,7.9443359375,2.7815467086284675
0.5425,0.0449250862002372,7.94525146484375,2.884517153737285
0.5429999999999999,0.0449163541197776,7.94708251953125,2.9892605395325216
0.5435000000000001,0.0449075140058994,7.94403076171875,3.093288095298508
0.544,0.0448975004255771,7.9473876953125,3.1928667809372033
0.5445,0.0448862016201019,0.0006103515625,3.287461519930542
0.5449999999999999,0.0448747128248214,0.0,3.3808062559449876
0.5455000000000001,0.0448621809482574,0.0006103515625,3.4697931797086854
0.546,0.044849544763565,0.0006103515625,3.557732153232445
0.5465,0.0448367819190025,0.0,3.644514250387913
0.5469999999999999,0.0448248796164989,0.0006103515625,3.7337565684356497
0.5475000000000001,0.0448125526309013,-0.00030517578125,3.8206432095206853
0.548,0.0448011942207813,0.00030517578125,3.910419366233609
0.5485,0.0447901673614978,0.00030517578125,4.000641410714062
0.5489999999999999,0.0447790473699569,0.0,4.089647780319174
0.5495000000000001,0.0447689443826675,7.93853759765625,4.181776129728325
0.55,0.0447590425610542,7.9522705078125,4.273792779772358
0.5505,0.0447491183876991,7.9461669921875,4.364781425681784
0.5509999999999999,0.0447392389178276,7.94464111328125,4.454995123157517
0.5515000000000001,0.0447298698127269,7.9449462890625,4.546328211965623
0.552,0.0447206571698188,7.9473876953125,4.637312427821547
0.5525,0.0447119325399398,7.9437255859375,4.729316638980498
0.5529999999999999,0.0447030067443847,7.94586181640625,4.819427382601061
0.5535000000000001,0.0446936823427677,7.94464111328125,4.906770155839242
0.554,0.0446833074092865,7.9443359375,4.988533431699155
0.5545,0.044672317802906,0.00091552734375,5.066582156950145
0.5549999999999999,0.0446604490280151,0.0006103515625,5.139759974965726
0.5555000000000001,0.0446480624377727,0.00030517578125,5.209661031993212
0.556,0.0446357391774654,0.00030517578125,5.278857350731224
0.5565,0.0446236282587051,0.0,5.3480118427097265
0.5569999999999999,0.0446116290986537,0.00030517578125,5.416666504796472
0.5575000000000001,0.0445995703339576,0.00030517578125,5.484053975990958
0.558,0.0445881187915802,0.00030517578125,5.553196114388353
0.5585,0.0445768795907497,0.0006103515625,5.622279387361499
0.5589999999999999,0.0445656329393386,0.0,5.6902944678806255
0.5595000000000001,0.0445549376308918,7.9388427734375,5.759826494206608
0.56,0.0445443876087665,7.9547119140625,5.828979545775303
0.5605,0.0445338413119316,7.9449462890625,5.897089066956708
0.5609999999999999,0.0445231832563877,7.94525146484375,5.963619090981741
0.5615000000000001,0.0445131994783878,7.947998046875,6.03229926158695
0.562,0.0445035994052886,7.94281005859375,6.101730967013536
0.5625,0.044493444263935,7.94647216796875,6.167422976440306
0.563,0.0444836169481277,7.94464111328125,6.233639484834649
0.5634999999999999,0.0444731041789054,7.94464111328125,6.295468087710791
0.5640000000000001,0.0444615334272384,7.9461669921875,6.351135440805449
0.5645,0.0444490015506744,0.00091552734375,6.401167814858657
0.565,0.0444363541901111,0.0,6.449754351075968
0.5654999999999999,0.0444235019385814,0.00030517578125,6.496468782627714
0.5660000000000001,0.0444103740155696,0.00030517578125,6.540984253782155
0.5665,0.0443978086113929,0.00030517578125,6.5874695954662466
0.567,0.0443853735923767,0.00091552734375,6.633756272602716
0.5674999999999999,0.0443730577826499,-0.00030517578125,6.679795763387767
0.5680000000000001,0.0443613231182098,0.00030517578125,6.727892349785298
0.5685,0.0443493761122226,0.00091552734375,6.774046618078123
0.569,0.0443376339972019,0.0,6.820379838197144
0.5694999999999999,0.0443264544010162,7.93914794921875,6.868693107591589
0.5700000000000001,0.0443150661885738,7.9534912109375,6.9150600331672045
0.5705,0.0443035885691642,7.94342041015625,6.9601074332926025
0.571,0.04429217800498,7.9461669921875,7.004648566633345
0.5714999999999999,0.0442810803651809,7.9473876953125,7.049948099384488
0.5720000000000001,0.0442700311541557,7.9449462890625,7.094643274958516
0.5725,0.0442593395709991,7.94586181640625,7.140325655807292
0.573,0.0442481413483619,7.9425048828125,7.182527792020288
0.5734999999999999,0.0442369282245636,7.9461669921875,7.22382331373368
0.5740000000000001,0.0442246831953525,7.94281005859375,7.258945613403974
0.5745,0.0442117005586624,0.00030517578125,7.289508800936967
0.575,0.0441987812519073,0.0006103515625,7.319748588620599
0.5754999999999999,0.0441857390105724,0.0006103515625,7.3487006069280465
0.5760000000000001,0.0441729538142681,0.0006103515625,7.378368002670004
0.5765,0.0441601537168026,0.0006103515625,7.4073173805946375
0.577,0.0441476926207542,0.00030517578125,7.437414284920939
0.5774999999999999,0.0441352352499961,-0.00030517578125,7.466882018980636
0.5780000000000001,0.0441232807934284,0.00030517578125,7.498356441699103
0.5785,0.0441108793020248,0.00030517578125,7.526791628836103
0.579,0.0440990477800369,0.00030517578125,7.557615013764907
0.5794999999999999,0.0440872833132743,7.9388427734375,7.588123225390105
0.5800000000000001,0.0440755449235439,7.952880859375,7.6180994908948545
0.5805,0.0440636053681373,7.9437255859375,7.646348671973463
0.581,0.0440523624420166,7.9461669921875,7.677684957344368
0.5814999999999999,0.0440410263836383,7.94708251953125,7.707837472399167
0.5820000000000001,0.0440296530723571,7.94525146484375,7.737126005003758
0.5825,0.0440187416970729,7.945556640625,7.7682392350392755
0.583,0.0440073609352111,7.94281005859375,7.796143331491881
0.5834999999999999,0.0439957492053508,7.94586181640625,7.822155707883615
0.5840000000000001,0.0439831726253032,7.9425048828125,7.842349213731095
0.5845,0.0439707264304161,0.0006103515625,7.86272693696205
0.585,0.043957557529211,0.0006103515625,7.878671558592249
0.5854999999999999,0.0439445227384567,0.00091552734375,7.894899089406773
0.5860000000000001,0.0439316667616367,0.0006103515625,7.911644698778611
0.5865,0.0439188703894615,0.0006103515625,7.928251191538871
0.587,0.0439061038196086,0.00030517578125,7.944559920341611
0.5874999999999999,0.0438937842845916,0.0,7.962842237486245
0.5880000000000001,0.0438812673091888,0.00030517578125,7.979557641064368
0.5885,0.0438690036535263,0.00091552734375,7.997187042003643
0.589,0.0438566990196704,0.0,8.014109759768553
0.5894999999999999,0.0438446924090385,7.9388427734375,8.032189417693083
0.5900000000000001,0.0438327491283416,7.952880859375,8.05012227636248
0.5905,0.0438208915293216,7.94281005859375,8.068034971165906
0.591,0.0438092872500419,7.94586181640625,8.086843620490399
0.5914999999999999,0.0437975972890853,7.94647216796875,8.10467719890612
0.5920000000000001,0.0437863171100616,7.94464111328125,8.124269359667178
0.5925,0.0437747240066528,7.945556640625,8.141618533528444
0.593,0.0437634401023387,7.9425048828125,8.160186858157545
0.5934999999999999,0.0437518805265426,7.94586181640625,8.176714984437977
0.5940000000000001,0.0437392555177211,7.943115234375,8.186880526780056
0.5945,0.0437261909246444,0.001220703125,8.194248096174206
0.595,0.0437131412327289,0.0006103515625,8.201371235493754
0.5954999999999999,0.0436996072530746,0.0006103515625,8.205501830876743
0.5960000000000001,0.04368656873703,-0.00030517578125,8.212104984827457
0.5965,0.0436737313866615,0.0006103515625,8.219505451442595
0.597,0.0436606220901012,0.00030517578125,8.225073471390726
0.5974999999999999,0.0436479188501834,0.00030517578125,8.232595674586795
0.5980000000000001,0.0436354540288448,0.00030517578125,8.241103387649614
0.5985,0.043622575700283,0.0006103515625,8.246975581834219
0.599,0.043610505759716,-0.00030517578125,8.257022345412421
0.5994999999999999,0.04359807446599,7.93731689453125,8.264684476459516
0.6000000000000001,0.0435856990516185,7.9522705078125,8.272317454472889
0.6005,0.0435736812651157,7.94342041015625,8.281599780777793
0.601,0.0435618534684181,7.945556640625,8.291570438244603
0.6014999999999999,0.0435500629246234,7.94647216796875,8.301367979018327
0.6020000000000001,0.0435383506119251,7.9449462890625,8.311223003395307
0.6025,0.0435268208384513,7.9449462890625,8.32171453375269
0.603,0.0435152985155582,7.94219970703125,8.331856011303008
0.6034999999999999,0.043503351509571,7.945556640625,8.339238669057027
0.6040000000000001,0.043490994721651,7.9425048828125,8.343994641445038
0.6045,0.0434781685471534,0.00030517578125,8.345828036661741
0.605,0.0434645637869834,0.0006103515625,8.343073765461913
0.6054999999999999,0.0434514358639717,0.00030517578125,8.342812820237896
0.6060000000000001,0.0434381701052188,0.0,8.34157462698809
0.6065,0.0434252955019474,0.00091552734375,8.342323065289795
0.607,0.0434124395251274,0.0006103515625,8.342945963719998
0.6074999999999999,0.0433998629450798,0.00030517578125,8.344896427513554
0.6080000000000001,0.0433872491121292,0.0,8.346384009011674
0.6085,0.0433746352791786,0.0006103515625,8.347627214517962
0.609,0.0433623492717742,0.00030517578125,8.350456181531994
0.6094999999999999,0.0433502793312072,7.93914794921875,8.3542174849457
0.6100000000000001,0.0433381497859954,7.95318603515625,8.35735705021765
0.6105,0.0433261692523956,7.9425048828125,8.36105024757995
0.611,0.0433143153786659,7.945556640625,8.365160678105559
0.6114999999999999,0.0433025211095809,7.9473876953125,8.369309198269574
0.6120000000000001,0.0432910099625587,7.9425048828125,8.374741705470287
0.6125,0.0432796850800514,7.94677734375,8.380894235755886
0.613,0.0432683676481246,7.94342041015625,8.386753606253494
0.6134999999999999,0.0432564318180084,7.9443359375,8.388820324285652
0.6140000000000001,0.0432441346347332,7.9449462890625,8.388599328181012
0.6145,0.0432313755154609,0.0006103515625,8.385566210339505
0.615,0.0432183817028999,-0.00030517578125,8.380910426659849
0.6154999999999999,0.0432050973176956,0.0,8.37420922581336
0.6160000000000001,0.0431922934949398,0.00030517578125,8.369793130655342
0.6165,0.0431793332099914,0.0,8.364045750800193
0.617,0.0431664325296878,0.0,8.358178540130162
0.6174999999999999,0.0431539751589298,0.0006103515625,8.354319496718642
0.6180000000000001,0.0431415922939777,0.0,8.350354745259075
0.6185,0.0431291535496711,0.0006103515625,8.34553508002257
0.619,0.0431165546178817,0.0006103515625,8.339271898798184
0.6194999999999999,0.043104600161314,0.0,8.336058108601073
0.6200000000000001,0.0430925376713275,0.0006103515625,8.331619987191127
0.6205,0.0430801920592784,0.00030517578125,8.324975815516153
0.621,0.0430685393512249,0.00030517578125,8.321577831642227
0.6214999999999999,0.0430567003786563,0.00030517578125,8.316443074789188
0.6220000000000001,0.0430453270673751,0.00030517578125,8.313202269219094
0.6225,0.0430339314043521,0.0,8.309074207924189
0.623,0.0430227853357791,0.00030517578125,8.305554977761064
0.6234999999999999,0.0430113561451435,0.0006103515625,8.299635221411883
0.6240000000000001,0.0430005863308906,0.0,8.296565453289277
0.6245,0.042989932000637,0.00030517578125,8.29323306321083
0.625,0.0429793782532215,-0.0006103515625,8.289518853760649
0.6255,0.0429687686264514,-0.0006103515625,8.284518953423426
0.6259999999999999,0.0429587326943874,0.0006103515625,8.281712845062973
0.6265000000000001,0.0429491885006427,0.00030517578125,8.280562194296587
0.627,0.0429395027458667,0.0,8.27747010889373
0.6275,0.0429305657744407,0.0006103515625,8.277369250640323
0.6279999999999999,0.0429214462637901,0.0,8.274982387228635
0.6285000000000001,0.0429128147661685,0.0,8.274020143474647
0.629,0.0429041683673858,0.00030517578125,8.271609553383362
0.6295,0.0428959131240844,0.00030517578125,8.269973307164125
0.6299999999999999,0.0428877100348472,-0.00030517578125,8.267156080452047
0.6305000000000001,0.0428795926272869,0.0006103515625,8.263302181616623
0.631,0.0428717918694019,0.0,8.25964883103614
0.6315,0.0428640022873878,0.0,8.254430937227033
0.6319999999999999,0.0428564772009849,0.00030517578125,8.249013369626812
0.6325000000000001,0.0428496710956096,-0.00030517578125,8.245852018904959
0.633,0.0428424552083015,0.00030517578125,8.238574827073757
0.6335,0.0428351908922195,0.0,8.229183851089235
0.6339999999999999,0.0428286120295524,0.00030517578125,8.221709783610748
0.6345000000000001,0.0428215600550174,0.0,8.209623997714473
0.635,0.0428146123886108,0.0,8.196126973833366
0.6355,0.0428078696131706,0.0,8.181723940844002
0.6359999999999999,0.0428008548915386,0.001220703125,8.163718221047086
0.6365000000000001,0.0427933037281036,0.0006103515625,8.140639488822828
0.637,0.0427859760820865,0.00030517578125,8.116693893355775
0.6375,0.0427783019840717,0.0006103515625,8.088683773766999
0.6379999999999999,0.0427702404558658,0.0,8.056387761912669
0.6385000000000001,0.042761605232954,0.00030517578125,8.018798564463022
0.639,0.0427524931728839,0.0006103515625,7.976485390381569
0.6395,0.0427429787814617,0.0,7.92988718250749
0.6399999999999999,0.0427331179380416,0.00030517578125,7.879337121179364
0.6405000000000001,0.042722750455141,0.00030517578125,7.82397363626717
0.641,0.0427120253443717,-0.00030517578125,7.765141322679252
0.6415,0.0427004806697368,0.0006103515625,7.700865436373879
0.6419999999999999,0.0426888242363929,0.00091552734375,7.634936740851834
0.6425000000000001,0.0426765345036983,0.0,7.564433027865798
0.643,0.0426632463932037,0.00030517578125,7.487329519877175
0.6435,0.0426496192812919,0.00030517578125,7.407061779060832
0.6439999999999999,0.0426353141665458,0.00030517578125,7.321694779113603
0.6445000000000001,0.0426197089254856,0.00030517578125,7.227878124087803
0.645,0.0426035746932029,0.0,7.129585591479231
0.6455,0.0425867810845375,0.00030517578125,7.0259927245194085
0.6459999999999999,0.042569525539875,0.00030517578125,6.917948918558099
0.6465000000000001,0.0425518043339252,0.00030517578125,6.805229492671329
0.647,0.0425335876643657,0.00030517578125,6.6874662451624935
0.6475,0.0425151512026786,0.00030517578125,6.565802180998696
0.6479999999999999,0.042496558278799,-0.00030517578125,6.440243620534546
0.6485000000000001,0.0424782522022724,0.0,6.31259014791373
0.649,0.0424594841897487,0.0,6.178860664890775
0.6495,0.0424409210681915,0.0,6.0420724819237135
0.6499999999999999,0.0424225889146328,0.0006103515625,5.902081451282582
0.6505000000000001,0.0424042828381061,0.0,5.757827622021798
0.651,0.0423864126205444,0.0,5.611283279121181
0.6515,0.0423686355352401,0.00030517578125,5.461103795666968
0.6519999999999999,0.0423514246940612,0.0,5.309849896968047
0.6525000000000001,0.0423341691493988,0.0006103515625,5.155414422464107
0.653,0.0423171296715736,0.00030517578125,4.999854347049238
0.6535,0.0423007346689701,0.00030517578125,4.845668460647405
0.6539999999999999,0.0422843173146247,-0.00030517578125,4.690747636503514
0.6545000000000001,0.0422684475779533,0.0,4.538191570590222
0.655,0.0422526150941848,0.00030517578125,4.3864948479925925
0.6555,0.042237251996994,0.00030517578125,4.23793598109272
0.6559999999999999,0.0422221310436725,0.00030517578125,4.0919443885731415
0.6565000000000001,0.0422068499028682,0.0006103515625,3.947493712324132
0.657,0.0421923138201236,0.00030517578125,3.8082450868656372
0.6575,0.0421773791313171,0.00091552734375,3.670133005397394
0.6579999999999999,0.0421630181372165,0.00030517578125,3.536995172326687
0.6585000000000001,0.042148657143116,0.0,3.4067556345117254
0.659,0.0421344563364982,-0.00030517578125,3.2801383353900686
0.6595,0.0421206131577491,0.0,3.1577831023552463
0.6599999999999999,0.0421063229441642,0.00030517578125,3.037132195027509
0.6605000000000001,0.0420926138758659,0.00030517578125,2.9216850442916096
0.661,0.0420788899064064,0.00091552734375,2.809298923834708
0.6615,0.0420648865401744,-0.00030517578125,2.6993060979496066
0.6619999999999999,0.0420514792203903,0.0006103515625,2.594361679749739
0.6625000000000001,0.0420376881957054,0.0,2.4913469163374096
0.663,0.0420243926346302,0.00030517578125,2.3928972319307196
0.6635,0.0420109927654266,0.00030517578125,2.297070873342185
0.6639999999999999,0.0419976636767387,0.00030517578125,2.204403149319557
0.6645000000000001,0.0419842414557933,0.0,2.114429787946351
0.665,0.0419712699949741,0.00030517578125,2.028513561562044
0.6655,0.0419579073786735,0.0006103515625,1.9443059755413756
0.6659999999999999,0.0419446006417274,0.00030517578125,1.8631127507224383
0.6665000000000001,0.0419313609600067,0.00030517578125,1.784875168513428
0.667,0.041918359696865,0.00030517578125,1.7098769822954198
0.6675,0.0419051758944988,0.00030517578125,1.6370040996092956
0.6679999999999999,0.0418920181691646,0.0,1.5667923989893573
0.6685000000000001,0.0418791398406028,0.00030517578125,1.4997119324772328
0.669,0.0418661162257194,0.0,1.4346848670318615
0.6695,0.0418531224131584,0.0006103515625,1.3721202382482307
0.6699999999999999,0.0418400019407272,0.0006103515625,1.3116497757847951
0.6705000000000001,0.0418268926441669,0.0,1.253556705313592
0.671,0.0418139100074768,0.00030517578125,1.1979856216400122
0.6715,0.0418009534478187,0.00091552734375,1.144621838258833
0.6719999999999999,0.0417877882719039,0.00030517578125,1.0929768941409683
0.6725000000000001,0.0417751520872116,0.0,1.0444040391169305
0.673,0.0417621098458766,0.0006103515625,0.9969773013168295
0.6735,0.0417491160333156,0.00030517578125,0.9516135172014266
0.6739999999999999,0.0417367108166217,0.00030517578125,0.9091466910270711
0.6745000000000001,0.0417235530912876,0.0,0.8670438845933047
0.675,0.0417107082903385,0.00030517578125,0.8273225935320015
0.6755,0.0416981279850006,0.0,0.7897041922839007
0.6759999999999999,0.0416851788759231,0.00030517578125,0.7530498181035424
0.6765000000000001,0.0416725054383277,0.00030517578125,0.7184366485326336
0.677,0.0416597798466682,0.00030517578125,0.685214761514916
0.6775,0.0416469611227512,0.0,0.6532931822878171
0.6779999999999999,0.0416344404220581,0.0006103515625,0.623208609394286
0.6785000000000001,0.0416218154132366,0.00030517578125,0.5942521073689626
0.679,0.0416093058884143,0.00030517578125,0.5667161041129029
0.6795,0.0415967069566249,0.0006103515625,0.5402462974208591
0.6799999999999999,0.0415840968489646,0.0,0.5149237826213577
0.6805000000000001,0.0415718331933021,0.0,0.49116680031614984
0.681,0.0415591374039649,0.00030517578125,0.4678614849437752
0.6815,0.0415471419692039,0.00030517578125,0.4464679465589723
0.6819999999999999,0.0415360331535339,0.00030517578125,0.42700973287112837
0.6825000000000001,0.0415254868566989,0.00030517578125,0.40890803333645787
0.683,0.0415162146091461,0.0006103515625,0.39287448742143544
0.6835,0.0415092445909976,0.00030517578125,0.37987588414018986
0.6839999999999999,0.0415039025247097,0.0006103515625,0.3687686397747321
0.6845000000000001,0.0415010936558246,0.00030517578125,0.3603475398346313
0.685,0.0415014289319515,-0.00030517578125,0.3548995674619357
0.6855,0.041503932327032,0.00030517578125,0.3509435389444196
0.6859999999999999,0.041509672999382,0.00030517578125,0.34937399153958243
0.6865000000000001,0.0415180251002311,0.00030517578125,0.3491722679277599
0.687,0.041529469192028,0.00030517578125,0.35064234470307243
0.6875,0.0415429025888443,0.001220703125,0.35237392299624737
0.688,0.0415590070188045,0.0,0.3550860276177862
0.6884999999999999,0.0415773764252662,0.00030517578125,0.358277354407805
0.6890000000000001,0.0415971055626869,0.00030517578125,0.36097775621524314
0.6895,0.0416186079382896,0.0006103515625,0.36376659902104463
0.69,0.041640818119049,0.00030517578125,0.36558279038261116
0.6904999999999999,0.0416640117764472,0.00030517578125,0.3669421470117729
0.6910000000000001,0.0416876301169395,0.00030517578125,0.36740620082224046
0.6915,0.0417117662727832,0.0,0.3672881452292336
0.692,0.0417364276945591,0.0006103515625,0.3667611372177442
0.6924999999999999,0.0417612642049789,0.00030517578125,0.36558470423259465
0.6930000000000001,0.0417868793010711,0.0,0.364560511265569
0.6935,0.0418125167489051,0.001220703125,0.3629137992904272
0.694,0.0418379344046115,0.00091552734375,0.36054635814404856
0.6944999999999999,0.0418634228408336,0.00030517578125,0.35793083323573355
0.6950000000000001,0.0418885126709938,0.0006103515625,0.3546739061893587
0.6955,0.0419139564037323,0.00030517578125,0.3517016040805156
0.696,0.0419389121234416,0.00030517578125,0.34812909423758065
0.6964999999999999,0.0419637449085712,0.0006103515625,0.34447061281317715
0.6970000000000001,0.0419882647693157,0.0,0.3405795414109038
0.6975,0.0420125052332878,0.00030517578125,0.33656157124626007
0.698,0.0420367307960987,0.0,0.332733682802487
0.6984999999999999,0.0420607514679431,0.0006103515625,0.3288955477857866
0.6990000000000001,0.0420848540961742,0.001220703125,0.3253593721406264
0.6995,0.0421090200543403,0.0,0.3220735086266329
0.7,0.0421332754194736,0.0,0.3190355512285332
0.7004999999999999,0.0421574115753173,-0.00030517578125,0.31601565758900196
0.7010000000000001,0.0421815663576126,0.00030517578125,0.31316373328041885
0.7015,0.0422057136893272,0.0,0.3104454654503761
0.702,0.0422302410006523,0.00030517578125,0.3082222395243188
0.7024999999999999,0.0422541238367557,0.00030517578125,0.3054334666286892
0.7030000000000001,0.0422781705856323,0.0,0.3029785407170251
0.7035,0.0423025451600551,-0.00030517578125,0.3009724394320988
0.704,0.0423268638551235,-0.00030517578125,0.2989739142586537
0.7044999999999999,0.0423507541418075,-0.00030517578125,0.2966398400765988
0.7050000000000001,0.0423748865723609,0.0006103515625,0.29468675823068685
0.7055,0.0423993431031703,0.0,0.2931363756185334
0.706,0.0424233004450798,0.00030517578125,0.29114842407022673
0.7064999999999999,0.0424474440515041,0.00030517578125,0.28945393102597644
0.7070000000000001,0.0424715168774127,0.0,0.28777368884845994
0.7075,0.0424955524504184,0.00030517578125,0.28614215559157385
0.708,0.0425191521644592,0.0,0.2841955443023674
0.7084999999999999,0.042543489485979,0.0006103515625,0.2830888081287006
0.7090000000000001,0.042567603290081,0.00030517578125,0.2817912871087167
0.7095,0.0425916276872158,0.0006103515625,0.2804665531571589
0.71,0.0426158532500267,0.00030517578125,0.27939695471764875
0.7104999999999999,0.0426398701965808,0.00030517578125,0.278168625918071
0.7110000000000001,0.0426638945937156,0.0006103515625,0.2770109296927482
0.7115,0.0426876805722713,0.0,0.2756961705897711
0.712,0.0427120737731456,0.0,0.2750321191620473
0.7124999999999999,0.0427359193563461,0.0,0.27385904779041675
0.7130000000000001,0.0427602380514144,0.0,0.2732006176465371
0.7135,0.0427843555808067,0.0006103515625,0.27236099908142
0.714,0.0428083837032318,0.0,0.2714754983461337
0.7144999999999999,0.0428325608372688,0.00030517578125,0.27077528987511884
0.7150000000000001,0.0428568311035633,0.0006103515625,0.27018346697996054
0.7155,0.0428810678422451,0.0,0.26956900018308516
0.716,0.0429050587117672,0.00030517578125,0.2687481570033263
0.7164999999999999,0.0429293774068355,0.0006103515625,0.2682776681407254
0.7170000000000001,0.0429532378911972,0.0,0.2673924212826052
0.7175,0.042977500706911,0.00030517578125,0.26694129200672256
0.718,0.0430014617741107,-0.00030517578125,0.2662220773839949
0.7184999999999999,0.0430257134139537,0.00030517578125,0.2658154511407963
0.7190000000000001,0.0430497117340564,0.00030517578125,0.2651806235155012
0.7195,0.0430736728012561,0.00030517578125,0.26455105271028995
0.72,0.043098360300064,0.00030517578125,0.2646334626685249
0.7204999999999999,0.043122112751007,0.00030517578125,0.2637886816732379
0.7210000000000001,0.0431462116539478,0.00030517578125,0.2633456805540884
0.7215,0.0431704521179199,0.0006103515625,0.2630503697439889
0.722,0.0431943759322166,0.00030517578125,0.2624661095710703
0.7224999999999999,0.043217871338129,0.0,0.2615316303042277
0.7230000000000001,0.0432420223951339,0.00030517578125,0.26130067177035515
0.7235,0.0432660616934299,0.0,0.26096403117632944
0.724,0.0432894043624401,0.0006103515625,0.2599934173479039
0.7244999999999999,0.0433138087391853,0.00091552734375,0.260113004406804
0.7250000000000001,0.0433375462889671,0.0,0.2595639884112925
0.7255,0.0433616451919078,0.00091552734375,0.2593942603531429
0.726,0.043385811150074,0.0,0.25927436875544646
0.7264999999999999,0.0434103645384311,0.00030517578125,0.2594956095531454
0.7270000000000001,0.0434343852102756,0.00030517578125,0.2591616531847654
0.7275,0.0434583388268947,0.00030517578125,0.2587830778991146
0.728,0.0434827208518981,0.00030517578125,0.2588235631669527
0.7284999999999999,0.0435069948434829,0.0,0.25872858700340845
0.7290000000000001,0.0435309894382953,0.00030517578125,0.25836109341504093
0.7295,0.0435551516711711,0.0006103515625,0.2581738588095142
0.73,0.0435794182121753,0.0,0.2580833935245415
0.7304999999999999,0.0436034500598907,0.00030517578125,0.25776243279147504
0.7310000000000001,0.043627705425024,0.00030517578125,0.2576677359226729
0.7315,0.0436518415808677,0.0006103515625,0.25744968558141224
0.732,0.0436763316392898,0.0006103515625,0.25756320808816635
0.7324999999999999,0.0437004007399082,0.0,0.2572469033205073
0.7330000000000001,0.0437245406210422,0.00030517578125,0.25701651174549167
0.7335,0.0437487624585628,0.00030517578125,0.25687036736029134
0.734,0.0437730327248573,0.0,0.25676347216031714
0.7344999999999999,0.0437975116074085,0.0,0.2568392825041076
0.7350000000000001,0.0438215658068656,0.0,0.2564899552824193
0.7355,0.0438457243144512,0.0,0.256264754951265
0.736,0.043869711458683,0.0006103515625,0.25589060279144676
0.7364999999999999,0.0438941083848476,0.00030517578125,0.25592459105071746
0.7370000000000001,0.0439180135726928,0.00030517578125,0.25547788735588356
0.7375,0.0439424440264701,0.0,0.2555555237542839
0.738,0.0439663231372833,0.00030517578125,0.2550934785856537
0.7384999999999999,0.043990533798933,0.00091552734375,0.25497962909080685
0.7390000000000001,0.0440146401524543,-0.00030517578125,0.2547631702199362
0.7395,0.0440388359129428,0.0,0.25463742800719563
0.74,0.044062677770853,0.0006103515625,0.2541833980947186
0.7404999999999999,0.0440867282450199,0.0,0.2539646811213616
0.7410000000000001,0.0441105291247367,0.0006103515625,0.25352761358053916
0.7415,0.0441344901919364,0.00030517578125,0.2532778323084273
0.742,0.0441584736108779,0.0,0.2530619355637457
0.7424999999999999,0.0441823899745941,0.00030517578125,0.25279253845494004
0.7430000000000001,0.0442063622176647,0.00030517578125,0.2525888166775956
0.7435,0.0442304126918315,0.0006103515625,0.2524615433906328
0.744,0.0442544221878051,0.00030517578125,0.2522889714517831
0.7444999999999999,0.0442787185311317,0.00030517578125,0.2523767595118696
0.7450000000000001,0.0443028882145881,0.00030517578125,0.2523101773395414
0.7455,0.044327076524496,0.00030517578125,0.2522423845710102
0.746,0.044351540505886,0.00030517578125,0.25240946942046344
0.7464999999999999,0.0443755649030208,0.00030517578125,0.25212434713092846
0.7470000000000001,0.0443997718393802,0.0,0.2520199594193868
0.7475,0.0444239154458045,0.0006103515625,0.25184646716805503
0.748,0.0444480590522289,0.0006103515625,0.25166943792241875
0.7484999999999999,0.0444724708795547,0.0,0.25173534591019947
0.7490000000000001,0.0444965288043022,0.00030517578125,0.2514453434390951
0.7495,0.0445207469165325,0.0,0.251324750260873
0.75,0.0445447489619255,0.0006103515625,0.2510101891158908
0.7505,0.0445691123604774,0.00030517578125,0.25106100051162167
0.7509999999999999,0.0445931442081928,0.00030517578125,0.2507981243470921
0.7515000000000001,0.0446174331009388,0.00030517578125,0.25080754220956053
0.752,0.0446414798498153,0.0,0.2506004841531889
0.7525,0.0446657016873359,0.00030517578125,0.25059252473957616
0.7529999999999999,0.0446897633373737,0.00030517578125,0.25045419535554414
0.7535000000000001,0.0447140112519264,-0.00030517578125,0.25052411257019336
0.754,0.0447381101548671,0.00030517578125,0.25047256693301095
0.7545,0.044762197881937,0.0006103515625,0.25044653833090863
0.7549999999999999,0.0447863079607486,0.00091552734375,0.25047870940947153
0.7555000000000001,0.0448102243244648,0.00030517578125,0.2503666920632549
0.756,0.0448346063494682,0.0,0.2507339938775216
0.7565,0.0448587946593761,0.0006103515625,0.25091899102285664
0.7569999999999999,0.0448824912309646,0.0,0.25068154192931696
0.7575000000000001,0.0449065417051315,0.0,0.2508549588536969
0.758,0.0449308827519416,0.0,0.25132677082984095
0.7585,0.0449549332261085,0.0,0.251528277852808
0.7589999999999999,0.0449790991842746,0.0006103515625,0.2518730694911781
0.7595000000000001,0.0450031496584415,0.00091552734375,0.2521353094209179
0.76,0.0450271070003509,-0.00030517578125,0.2523512679854199
0.7605,0.0450511872768402,0.00030517578125,0.252728381245448
0.7609999999999999,0.0450754128396511,0.0006103515625,0.2532699649258484
0.7615000000000001,0.0450992099940776,0.00030517578125,0.2534305999708966
0.762,0.0451233647763729,0.0,0.2539859788394753
0.7625,0.0451476573944091,0.00030517578125,0.25468492631975403
0.7629999999999999,0.0451715551316738,0.00030517578125,0.2550228176831492
0.7635000000000001,0.0451956540346145,0.0,0.25560223689276385
0.764,0.0452197305858135,0.00030517578125,0.256186720026527
0.7645,0.0452439375221729,0.0,0.2569199186489105
0.7649999999999999,0.0452680960297584,0.00030517578125,0.25762092114587937
0.7655000000000001,0.0452920868992805,0.0006103515625,0.25819038217251
0.766,0.0453156717121601,0.00030517578125,0.25843387536327284
0.7665,0.0453390404582023,0.00030517578125,0.258581376356413
0.7669999999999999,0.0453616380691528,0.0,0.25814332877709933
0.7675000000000001,0.0453837253153324,0.0,0.2574547283506433
0.768,0.0454045869410038,0.00030517578125,0.2559095090075104
0.7685,0.045423999428749,0.00030517578125,0.2534419026088572
0.7689999999999999,0.0454419143497943,-0.00030517578125,0.25015744656449973
0.7695000000000001,0.0454578399658203,7.93914794921875,0.2457614342513255
0.77,0.0454717017710208,7.9522705078125,0.24056836459341677
0.7705,0.0454828366637229,7.94677734375,0.2356143283600849
0.7709999999999999,0.0454913303256034,7.94586181640625,0.23431300268877742
0.7715000000000001,0.0454972572624683,7.9461669921875,0.2381474337275408
0.772,0.0455002263188362,7.9473876953125,0.24141379170825364
0.7725,0.0455003678798675,7.9443359375,0.2438263902038358
0.7729999999999999,0.0454970672726631,7.9461669921875,0.24566866082064956
0.7735000000000001,0.0454907603561878,7.9461669921875,0.24874920437300568
0.774,0.0454804748296737,7.94342041015625,0.2540969743186375
0.7745,0.0454657077789306,0.0,0.26344399270891494
0.7749999999999999,0.0454462207853794,0.00091552734375,0.27790972929919755
0.7755000000000001,0.0454233735799789,0.00030517578125,0.298395652751662
0.776,0.0453990176320076,0.0006103515625,0.32491405553852526
0.7765,0.0453745536506176,0.00030517578125,0.35689102713903537
0.7769999999999999,0.0453519634902477,0.00030517578125,0.3951512701343609
0.7775000000000001,0.0453319810330867,0.0006103515625,0.43994245666365867
0.778,0.045314684510231,0.00030517578125,0.49121012028171235
0.7785,0.0452990904450416,0.0,0.5476936689288411
0.7789999999999999,0.045285016298294,0.00030517578125,0.6091987998138727
0.7795000000000001,0.0452715493738651,7.93853759765625,0.6743764130924248
0.78,0.0452585369348526,7.9541015625,0.7429189726067336
0.7805,0.0452459119260311,7.9461669921875,0.8146327522334769
0.7809999999999999,0.0452338978648185,7.94464111328125,0.8898298542600561
0.7815000000000001,0.0452224239706993,7.94830322265625,0.9683206263380584
0.782,0.0452109351754188,7.94342041015625,1.048951811675191
0.7825,0.0452003963291645,7.94677734375,1.1335188310991413
0.7829999999999999,0.0451892800629138,7.9449462890625,1.2187902202430894
0.7835000000000001,0.0451771914958953,7.94464111328125,1.303631003760125
0.784,0.0451632849872112,7.94586181640625,1.3858430584244696
0.7845,0.045147705823183,0.00091552734375,1.465358944986529
0.7849999999999999,0.0451298430562019,0.00030517578125,1.5404012427995613
0.7855000000000001,0.0451114401221275,0.0006103515625,1.614865418243597
0.786,0.0450931265950202,0.00030517578125,1.6901628148172283
0.7865,0.0450755283236503,0.00030517578125,1.7678028392750278
0.7869999999999999,0.0450582727789878,0.0006103515625,1.8467879402657248
0.7875000000000001,0.0450421459972858,0.00030517578125,1.9291592833785751
0.788,0.0450269356369972,0.00091552734375,2.0143538937607417
0.7885,0.0450130067765712,0.0,2.1033877186792855
0.7889999999999999,0.0449996329843997,0.00030517578125,2.194228398502956
0.7895000000000001,0.0449869446456432,7.93701171875,2.287226308921074
0.79,0.0449753254652023,7.95196533203125,2.383485551647077
0.7905,0.0449635162949562,7.9461669921875,2.4792262267360345
0.7909999999999999,0.0449529364705085,7.94342041015625,2.5787091964526394
0.7915000000000001,0.0449422635138034,7.94647216796875,2.6778186954836913
0.792,0.0449324324727058,7.94403076171875,2.779457030539731
0.7925,0.0449236556887626,7.945556640625,2.884314411778233
0.7929999999999999,0.0449150279164314,7.9461669921875,2.9894038217070737
0.7935000000000001,0.0449061542749404,7.94342041015625,3.0933153855462923
0.794,0.0448963455855846,7.94586181640625,3.1935997149149693
0.7945,0.0448857843875885,0.00030517578125,3.290751886498487
0.7949999999999999,0.0448741465806961,0.0006103515625,3.3835251722091275
0.7955000000000001,0.0448615401983261,0.0006103515625,3.4722128162377146
0.796,0.0448495335876941,0.0006103515625,3.562409104294957
0.7965,0.0448370948433876,0.00030517578125,3.6503156239483645
0.7969999999999999,0.0448247529566288,0.00091552734375,3.7378487287806754
0.7975000000000001,0.0448129251599311,0.00030517578125,3.826553122894683
0.798,0.0448013357818126,0.00030517578125,3.9153669956465547
0.7985,0.0447901412844657,0.0,4.004881967718105
0.7989999999999999,0.0447797067463398,0.0006103515625,4.096500564321916
0.7995000000000001,0.0447694845497608,7.93731689453125,4.188066755772182
0.8,0.0447592958807945,7.95135498046875,4.278854396373122
0.8005,0.0447494685649871,7.9461669921875,4.370162902389202
0.8009999999999999,0.0447398237884044,7.9437255859375,4.461253273680263
0.8015000000000001,0.0447301976382732,7.94464111328125,4.551444393946565
0.802,0.0447209775447845,7.9461669921875,4.64232791929167
0.8025,0.0447125881910324,7.94342041015625,4.735663925420703
0.8029999999999999,0.0447036288678646,7.9461669921875,4.825539355280665
0.8035000000000001,0.0446942672133445,7.9425048828125,4.912633056468351
0.804,0.0446840971708297,7.9449462890625,4.995187038379291
0.8045,0.0446731448173522,0.0006103515625,5.073291637467791
0.8049999999999999,0.0446613430976867,0.00030517578125,5.146654631780671
0.8055000000000001,0.0446493215858936,0.0006103515625,5.218047123479011
0.806,0.0446371473371982,0.0006103515625,5.2877652386652265
0.8065,0.0446249805390834,0.00030517578125,5.356523254392154
0.8069999999999999,0.0446128100156784,0.00030517578125,5.424270025128308
0.8075000000000001,0.0446009896695613,0.0,5.492606726422468
0.808,0.044589526951313,-0.00030517578125,5.561554046323158
0.8085,0.0445779375731945,0.00030517578125,5.6289060680589715
0.8089999999999999,0.0445672310888767,0.0006103515625,5.699297397635845
0.8095000000000001,0.0445563346147537,7.93914794921875,5.767753723412711
0.81,0.0445456765592098,7.9547119140625,5.836272693921387
0.8105,0.0445349738001823,7.9437255859375,5.903534539220814
0.8109999999999999,0.0445247069001197,7.945556640625,5.971801305271986
0.8115000000000001,0.044514462351799,7.94769287109375,6.039114367238528
0.812,0.0445045419037342,7.9425048828125,6.106914566067196
0.8125,0.0444948151707649,7.9461669921875,6.174568337472562
0.813,0.0444846674799919,7.9437255859375,6.239123830601602
0.8134999999999999,0.0444740280508995,7.9443359375,6.300249499909733
0.8140000000000001,0.0444626808166503,7.9449462890625,6.356924549423793
0.8145,0.044450469315052,0.0006103515625,6.408416664015011
0.815,0.0444376580417156,0.0006103515625,6.456074179821158
0.8154999999999999,0.0444249659776687,0.00030517578125,6.503468055143899
0.8160000000000001,0.0444121584296226,0.00030517578125,6.549441245051582
0.8165,0.044399470090866,0.0006103515625,6.595175826514308
0.817,0.0443872511386871,0.00030517578125,6.642404365198162
0.8174999999999999,0.0443747714161872,0.00030517578125,6.687477994047576
0.8180000000000001,0.0443627871572971,0.00030517578125,6.734197009671935
0.8185,0.0443510226905345,0.0006103515625,6.781162313481727
0.819,0.0443394780158996,0.00030517578125,6.828366617754205
0.8194999999999999,0.0443275570869445,7.93792724609375,6.872801326655801
0.8200000000000001,0.0443160273134708,7.9522705078125,6.918385274621629
0.8205,0.0443048104643821,7.94342041015625,6.9647057656651645
0.821,0.0442934855818748,7.945556640625,7.009607845911631
0.8214999999999999,0.0442821718752384,7.945556640625,7.053720934247075
0.8220000000000001,0.0442710742354393,7.945556640625,7.09810589615811
0.8225,0.0442602597177028,7.94525146484375,7.143102729579058
0.823,0.044249303638935,7.9425048828125,7.18651216645476
0.8234999999999999,0.0442378744482994,7.9461669921875,7.226625102232325
0.8240000000000001,0.0442257821559906,7.94189453125,7.262500454422907
0.8245,0.044213306158781,0.0006103515625,7.2956414597838775
0.825,0.044200275093317,0.00030517578125,7.32519012633128
0.8254999999999999,0.0441870130598545,0.0006103515625,7.3529050918464725
0.8260000000000001,0.04417460039258,0.00030517578125,7.38445723472298
0.8265,0.0441617220640182,-0.00030517578125,7.412896931696371
0.827,0.0441494882106781,0.0006103515625,7.444098466890866
0.8274999999999999,0.0441368296742439,0.0006103515625,7.472393634578935
0.8280000000000001,0.0441246293485164,0.0,7.502481939922428
0.8285,0.044112492352724,0.00030517578125,7.532249524589697
0.829,0.0441004857420921,0.00030517578125,7.562058573009722
0.8294999999999999,0.0440888293087482,7.93731689453125,7.593067696720025
0.8300000000000001,0.044076669961214,7.9510498046875,7.620725425570726
0.8305,0.0440649837255477,7.94403076171875,7.6502836906767415
0.831,0.044053241610527,7.9449462890625,7.678888839041642
0.8314999999999999,0.0440419502556324,7.9449462890625,7.7092726289717195
0.8320000000000001,0.0440311171114444,7.94586181640625,7.741444591535279
0.8325,0.044019840657711,7.9437255859375,7.770531255587667
0.833,0.0440084747970104,7.94281005859375,7.798483973329659
0.8334999999999999,0.0439969487488269,7.94525146484375,7.824932067509641
0.8340000000000001,0.0439850315451622,7.94219970703125,7.848647673147909
0.8345,0.0439721420407295,0.0,7.866528905735276
0.835,0.043959267437458,0.00030517578125,7.884012095419411
0.8354999999999999,0.0439463071525096,0.0,7.900559026386255
0.8360000000000001,0.0439333878457546,0.0006103515625,7.916869694342988
0.8365,0.0439204387366771,0.00030517578125,7.932564998012629
0.837,0.0439076796174049,0.00091552734375,7.948847503517986
0.8374999999999999,0.0438949540257453,0.0,7.964853857942482
0.8380000000000001,0.0438821949064731,0.00091552734375,7.98022508951761
0.8385,0.0438699536025524,0.0,7.997977051814728
0.839,0.0438576750457286,0.00030517578125,8.01503639436221
0.8394999999999999,0.0438452363014221,7.93731689453125,8.03075279420622
0.8400000000000001,0.0438336059451103,7.95166015625,8.050439198194214
0.8405,0.0438216924667358,7.94342041015625,8.068050567661768
0.841,0.0438097789883613,7.9443359375,8.085175785182988
0.8414999999999999,0.0437983088195323,7.94525146484375,8.10425529634282
0.8420000000000001,0.0437867417931556,7.9449462890625,8.122288729401895
0.8425,0.0437752492725849,7.9437255859375,8.140237790649701
0.843,0.0437639541923999,7.9425048828125,8.158776017839442
0.8434999999999999,0.043752085417509,7.945556640625,8.173641629969698
0.8440000000000001,0.043740339577198,7.9425048828125,8.188731261182847
0.8445,0.0437271818518638,0.00091552734375,8.195564645559116
0.845,0.0437141805887222,0.00030517578125,8.20294562778871
0.8454999999999999,0.0437007769942283,0.0006103515625,8.20778067007457
0.8460000000000001,0.0436876825988292,0.00030517578125,8.214044135720581
0.8465,0.0436745323240757,0.00030517578125,8.219694009115313
0.847,0.0436616651713848,0.0006103515625,8.22661580378385
0.8474999999999999,0.0436489954590797,0.0,8.234305551797881
0.8480000000000001,0.0436359494924545,0.00030517578125,8.239579857127197
0.8485,0.0436237752437591,0.00030517578125,8.249389586573246
0.849,0.0436112247407436,0.0,8.25673870364621
0.8494999999999999,0.0435988195240497,7.93609619140625,8.264565332516815
0.8500000000000001,0.0435867086052894,7.95013427734375,8.273685193464466
0.8505,0.0435747280716896,7.9437255859375,8.28316305004373
0.851,0.0435626581311225,7.9437255859375,8.291771099797911
0.8514999999999999,0.0435507632791996,7.9443359375,8.301002234763576
0.8520000000000001,0.0435394421219825,7.945556640625,8.313057096137413
0.8525,0.0435278825461864,7.943115234375,8.323364438740814
0.853,0.0435162186622619,7.943115234375,8.332705799421923
0.8534999999999999,0.0435047782957553,7.9449462890625,8.342910327862894
0.8540000000000001,0.0434923656284809,7.9412841796875,8.347302159499781
0.8545,0.0434797331690788,0.0006103515625,8.350176901890265
0.855,0.0434668734669685,0.0006103515625,8.351515879215215
0.8554999999999999,0.0434533692896366,0.0006103515625,8.349022152511438
0.8560000000000001,0.0434400290250778,0.00030517578125,8.347273862471237
0.8565,0.0434271581470966,0.0,8.347957351910813
0.857,0.0434141494333744,0.00030517578125,8.347643967502915
0.8574999999999999,0.0434015244245529,-0.00030517578125,8.349258637365306
0.8580000000000001,0.0433889143168926,0.00030517578125,8.350708602672873
0.8585,0.0433763973414897,0.0006103515625,8.35243189056279
0.859,0.043363906443119,0.0,8.354046466448779
0.8594999999999999,0.0433514006435871,7.93792724609375,8.35533323890062
0.8600000000000001,0.0433394946157932,7.95135498046875,8.35972111738029
0.8605,0.0433275178074836,7.94281005859375,8.363413101753899
0.861,0.0433156825602054,7.9449462890625,8.367607530378965
0.8614999999999999,0.0433041602373123,7.94647216796875,8.373251038348453
0.8620000000000001,0.0432925820350647,7.943115234375,8.378258960503002
0.8625,0.0432811714708805,7.9443359375,8.383891223697365
0.863,0.0432698093354702,7.94158935546875,8.389469993281658
0.8634999999999999,0.0432582944631576,7.94525146484375,8.393866150108433
0.8640000000000001,0.0432464778423309,7.94158935546875,8.39626881976054
0.8645,0.0432336628437042,0.00030517578125,8.392807619134953
0.865,0.0432208776473999,0.0,8.389211183031422
0.8654999999999999,0.0432074628770351,0.00030517578125,8.381655928672156
0.8660000000000001,0.0431944839656353,0.0,8.376149429732564
0.8665,0.043181374669075,0.00030517578125,8.369479301774248
0.867,0.0431686155498027,0.0006103515625,8.364329469614676
0.8674999999999999,0.0431556850671768,0.0006103515625,8.357744218408849
0.8680000000000001,0.043143056333065,0.00030517578125,8.352368515460194
0.8685,0.0431305021047592,0.00030517578125,8.346891705073894
0.869,0.043117806315422,-0.0006103515625,8.340089647595256
0.8694999999999999,0.0431057661771774,0.0,8.336407747725072
0.8700000000000001,0.0430936403572559,0.00030517578125,8.331635378346537
0.8705,0.0430815778672695,-0.00030517578125,8.32659349033369
0.871,0.0430694706737995,0.0,8.320659580885424
0.8714999999999999,0.0430579744279384,0.00030517578125,8.317475127943084
0.8720000000000001,0.0430467836558818,0.0006103515625,8.315260546803128
0.8725,0.043035440146923,0.00030517578125,8.311413640129583
0.873,0.0430241785943508,0.00030517578125,8.30723660382781
0.8734999999999999,0.0430134534835815,0.0,8.30523417804821
0.8740000000000001,0.043003112077713,0.00030517578125,8.304481575441814
0.8745,0.0429928638041019,0.00030517578125,8.303302014817138
0.875,0.0429829619824886,0.0,8.303071455732482
0.8755,0.0429730005562305,0.00030517578125,8.301474296277624
0.8759999999999999,0.0429633110761642,0.0006103515625,8.300334607302188
0.8765000000000001,0.0429540649056434,0.00030517578125,8.300554972305337
0.877,0.0429450124502182,0.00030517578125,8.30067683927664
0.8775,0.0429362878203392,-0.00030517578125,8.301396353088771
0.8779999999999999,0.0429274216294288,0.0,8.300042006901721
0.8785000000000001,0.0429190546274185,0.00030517578125,8.30016207836936
0.879,0.042910948395729,0.00030517578125,8.300350477189314
0.8795,0.0429029986262321,0.0,8.299966146842344
0.8799999999999999,0.0428950786590576,0.0,8.298255853202061
0.8805000000000001,0.0428875833749771,0.00030517578125,8.297375081649141
0.881,0.0428797230124473,0.0,8.29285611484386
0.8815,0.0428725741803646,0.0006103515625,8.29068104979068
0.8819999999999999,0.042865190654993,0.00030517578125,8.28548334509733
0.8825000000000001,0.0428579337894916,0.0,8.279251474426543
0.883,0.0428506433963775,0.00030517578125,8.271044471813378
0.8835,0.0428437404334545,0.00030517578125,8.263158818699818
0.8839999999999999,0.0428364127874374,0.0006103515625,8.251008602824946
0.8845000000000001,0.0428290925920009,0.00030517578125,8.236992474899496
0.885,0.0428219735622406,0.0,8.22214015591465
0.8855,0.0428144410252571,0.0006103515625,8.202986125650401
0.8859999999999999,0.0428068935871124,0.00091552734375,8.181736187849102
0.8865000000000001,0.0427990071475505,0.0,8.156565005575274
0.887,0.0427911728620529,0.00030517578125,8.129625214961749
0.8875,0.0427827537059783,0.00030517578125,8.097368318982694
0.8879999999999999,0.0427740290760993,-0.0006103515625,8.06136150132793
0.8885000000000001,0.0427644476294517,0.00030517578125,8.018590196118993
0.889,0.0427542366087436,0.00030517578125,7.970377048588855
0.8895,0.0427440330386161,0.0,7.920241862358349
0.8899999999999999,0.0427332371473312,0.00091552734375,7.864909254137361
0.8905000000000001,0.0427214615046978,0.00030517578125,7.802323986412211
0.891,0.042708933353424,0.00030517578125,7.734116433283663
0.8915,0.0426962524652481,0.0006103515625,7.664202622169148
0.8919999999999999,0.0426822677254676,0.0,7.5864184101491725
0.8925000000000001,0.0426679998636245,0.00030517578125,7.506232968598225
0.893,0.0426528044044971,0.0006103515625,7.420145418231373
0.8935,0.0426375903189182,0.0,7.3329086033872395
0.8939999999999999,0.0426213890314102,0.0,7.23930726633955
0.8945000000000001,0.0426044426858425,-0.0006103515625,7.140583244945882
0.895,0.0425876714289188,0.00030517578125,7.041382513317458
0.8955,0.0425702631473541,0.0,6.937308689239186
0.8959999999999999,0.0425525531172752,0.0,6.829924780149754
0.8965000000000001,0.0425348281860351,0.00030517578125,6.720448471676463
0.897,0.0425170101225376,0.0006103515625,6.608166210002501
0.8975,0.0424991026520729,0.0,6.492769629915999
0.8979999999999999,0.0424814373254776,0.0006103515625,6.375481570458804
0.8985000000000001,0.0424633808434009,0.00030517578125,6.252808844843736
0.899,0.0424458682537078,0.0,6.128861090598273
0.8995,0.0424285233020782,0.0,6.001295959608041
0.8999999999999999,0.0424116365611553,0.0,5.871026063357687
0.9005000000000001,0.0423944741487503,0.00030517578125,5.734357659088894
0.901,0.0423773229122161,0.00030517578125,5.592798437332083
0.9015,0.0423609167337417,0.0006103515625,5.449770217222943
0.902,0.0423443466424942,0.00091552734375,5.301600944911529
0.9025,0.0423284210264682,0.00030517578125,5.1525155991418545
0.903,0.0423122309148311,0.00030517578125,4.999449482220431
0.9035,0.0422967262566089,0.0,4.847453367087769
0.904,0.0422809869050979,0.0006103515625,4.693501497027314
0.9045,0.0422657132148742,0.00030517578125,4.541486032492346
0.905,0.0422507785260677,0.0006103515625,4.391371150073248
0.9055,0.0422357246279716,0.00030517578125,4.242020165513994
0.906,0.0422210581600666,0.00030517578125,4.096025568175517
0.9065,0.042206447571516,0.00030517578125,3.9524034034557975
0.907,0.0421919487416744,0.0,3.8117430869899747
0.9075,0.0421774499118328,0.0006103515625,3.6739443302503787
0.908,0.042163360863924,0.0006103515625,3.5406035059198513
0.9085,0.0421490594744682,0.00030517578125,3.409573341899552
0.909,0.0421348772943019,0.0006103515625,3.2822837111628096
0.9095,0.0421208217740058,0.0,3.1587538182788375
0.91,0.0421069674193859,-0.00030517578125,3.039175582551326
0.9105,0.0420930124819278,0.00030517578125,2.9225552863947697
0.911,0.0420790873467922,0.0,2.8094140473243776
0.9115,0.0420653671026229,0.0006103515625,2.7002225703838834
0.912,0.0420516245067119,0.0,2.5941800074859285
0.9125,0.0420379824936389,-0.0006103515625,2.4916424508026638
0.913,0.0420242585241794,0.0,2.392030292261807
0.9135,0.0420109778642654,0.00030517578125,2.2967484230209925
0.914,0.0419975854456424,0.0,2.204020609658297
0.9145,0.0419845357537269,0.0,2.115075671694434
0.915,0.0419709868729114,0.00091552734375,2.027593214751896
0.9155,0.041957501322031,0.0,1.943315404545294
0.916,0.0419444665312767,0.0006103515625,1.8630025901440481
0.9165,0.0419310815632343,0.0006103515625,1.7844486520712262
0.917,0.0419178567826747,0.0,1.709040774032321
0.9175,0.0419047214090824,0.0,1.6364519205185672
0.918,0.0418916940689086,0.00030517578125,1.5666328037333745
0.9185,0.0418786145746707,0.0,1.4991434078345274
0.919,0.0418653152883052,0.00030517578125,1.4336478745263719
0.9195,0.0418523661792278,0.00030517578125,1.3713839113595807
0.92,0.0418394543230533,0.0,1.311453576870335
0.9205,0.0418262258172035,0.0006103515625,1.2531362515984652
0.921,0.0418134182691574,0.0006103515625,1.1979664227491094
0.9215,0.0418008454144001,0.0,1.1452833439175818
0.922,0.041787676513195,0.00030517578125,1.0934436954910716
0.9225,0.0417745485901832,0.00091552734375,1.04388736454256
0.923,0.0417618453502655,0.00030517578125,0.9971438568786659
0.9235,0.0417491644620895,0.00030517578125,0.9522606078327492
0.924,0.0417360588908195,0.0006103515625,0.9084572305260931
0.9245,0.0417236201465129,0.0006103515625,0.8676577420656542
0.925,0.04171047732234,0.00030517578125,0.8273270755091408
0.9255,0.0416978113353252,0.0,0.7895603750762844
0.926,0.0416853055357933,0.0006103515625,0.7536116704435699
0.9265,0.0416727252304554,0.00030517578125,0.7190256688906693
0.927,0.0416601300239563,0.00030517578125,0.6858841714989543
0.9275,0.0416474528610706,0.0006103515625,0.654047924428792
0.928,0.0416347868740558,0.00030517578125,0.6236279982599606
0.9285,0.0416218861937522,0.00030517578125,0.5942199053120714
0.929,0.0416093617677688,0.0006103515625,0.5666706951712708
0.9295,0.041596882045269,0.00030517578125,0.5403696201224816
0.93,0.0415843203663826,0.0006103515625,0.5150967838222563
0.9305,0.0415716543793678,0.00030517578125,0.4907998312181245
0.931,0.0415592603385448,0.0006103515625,0.4679271274919087
0.9315,0.0415475144982337,0.00030517578125,0.44683529665131444
0.932,0.0415358878672122,0.0006103515625,0.4267066305449715
0.9325,0.0415255017578601,-0.00030517578125,0.40883629446738556
0.933,0.0415163077414035,0.00030517578125,0.39290768919653035
0.9335,0.0415092259645462,0.0006103515625,0.37978309897319007
0.934,0.0415040031075477,0.00030517578125,0.36882505935211596
0.9345,0.041501734405756,0.00030517578125,0.3610011492558142
0.935,0.0415015257894992,0.0006103515625,0.35487880242742875
0.9355,0.0415043719112873,0.0006103515625,0.35130677859068093
0.936,0.0415100269019603,0.0,0.34959386704697454
0.9365,0.0415185168385505,0.00030517578125,0.34950896787326347
0.937,0.0415297448635101,0.0006103515625,0.3506743303326817
0.9375,0.0415437743067741,0.0006103515625,0.3530316523908463
0.938,0.0415598526597023,0.0006103515625,0.3556153098234122
0.9385,0.0415780767798423,0.00030517578125,0.3585674645854694
0.939,0.0415979623794555,-0.00030517578125,0.361383092379058
0.9395,0.041619174182415,0.0,0.363802012305199
0.94,0.0416419059038162,0.0006103515625,0.36617201810331607
0.9405,0.0416646338999271,0.00030517578125,0.3669485397413396
0.941,0.0416886731982231,0.0,0.36786335284333216
0.9415,0.0417128130793571,0.0006103515625,0.36767304431358044
0.942,0.041736964136362,0.0,0.36653194384586046
0.9425,0.0417619869112968,0.0,0.36559665466518726
0.943,0.0417874529957771,0.0006103515625,0.3644270233930842
0.9435,0.0418124161660671,0.0,0.36209327499055016
0.944,0.0418376661837101,0.00030517578125,0.35969443236376725
0.9445,0.0418634489178657,0.00030517578125,0.3575552590745199
0.945,0.0418884865939617,0.0,0.35430660129245883
0.9455,0.0419138222932815,-0.0006103515625,0.3512940858137101
0.946,0.0419388152658939,0.0006103515625,0.34783786741236183
0.9465,0.0419632419943809,0.0,0.3438133210023175
0.947,0.0419876463711261,0.00030517578125,0.3399234861416826
0.9475,0.04201190918684,0.00030517578125,0.3360447016745164
0.948,0.0420365408062934,0.00030517578125,0.3327320690149757
0.9485,0.0420603342354297,0.00030517578125,0.3286612379331226
0.949,0.0420845784246921,0.0006103515625,0.3253083641099988
0.9495,0.0421087965369224,0.00030517578125,0.3220839794859716
0.95,0.0421326719224453,0.0,0.31865985249879375
0.9505,0.0421570986509323,0.00030517578125,0.3159948292597745
0.951,0.0421812087297439,0.0,0.31310003592011904
0.9515,0.0422055423259735,0.00030517578125,0.3105742584283241
0.952,0.0422295294702053,0.0006103515625,0.3078007976180573
0.9525,0.0422537364065647,0.00030517578125,0.30540129096901303
0.953,0.0422777086496353,0.00091552734375,0.3028760773449839
0.9535,0.0423017889261245,0.00030517578125,0.3005988075417279
0.954,0.0423257127404212,-0.00030517578125,0.29828323936554774
0.9545,0.0423493608832359,0.0006103515625,0.29582723677531986
0.955,0.0423736348748207,0.0,0.2941471909766337
0.9555,0.0423975922167301,0.00030517578125,0.2922061776958061
0.956,0.0424217954277992,0.0,0.29060303096408424
0.9565,0.0424460507929325,0.0,0.2891061864869673
0.957,0.0424701943993568,0.00030517578125,0.28754688464794304
0.9575,0.0424946472048759,0.00030517578125,0.2863553033917385
0.958,0.0425182692706584,0.00030517578125,0.28438265212620917
0.9585,0.0425423681735992,0.00030517578125,0.28301790304453156
0.959,0.0425666570663452,0.00030517578125,0.28189589149153815
0.9595,0.0425908900797367,0.0006103515625,0.28074910603933495
0.96,0.0426150821149349,0.00091552734375,0.27960555279091187
0.9605,0.0426389425992965,0.0006103515625,0.2781915889947821
0.961,0.0426633693277835,0.00030517578125,0.277413446830062
0.9615,0.0426871068775653,0.0,0.27598197246944617
0.962,0.042711392045021,0.00030517578125,0.27517766727975457
0.9625,0.0427355132997036,0.0,0.2742338596666529
0.963,0.04275993257761,0.0,0.27361756458699715
0.9635,0.0427836142480373,0.0,0.27230115055946325
0.964,0.0428080782294273,0.0006103515625,0.2718323395867422
0.9645,0.0428319908678531,0.0006103515625,0.2708268488330416
0.965,0.0428564958274364,0.00030517578125,0.27044691564300183
0.9655,0.0428806245326995,0.0006103515625,0.26969179777081137
0.966,0.0429046377539634,0.00030517578125,0.2688652017952238
0.9665,0.0429290533065795,0.0,0.2684693568366176
0.967,0.0429531522095203,0.0,0.2677687037486637
0.9675,0.0429772809147834,0.00030517578125,0.26713585543722523
0.968,0.0430014990270137,0.00030517578125,0.26662046216855356
0.9685,0.0430255122482776,0.0006103515625,0.26593124050050515
0.969,0.0430497638881206,0.0,0.26550960128178985
0.9695,0.0430740416049957,-0.00030517578125,0.26512136762729577
0.97,0.0430979914963245,0.0006103515625,0.2644339133370804
0.9705,0.04312215000391,0.0,0.263993212122991
0.971,0.0431464500725269,0.0,0.26370433861934145
0.9715,0.0431702546775341,0.00030517578125,0.26295108189894334
0.972,0.0431946478784084,0.00030517578125,0.2628104530060095
0.9725,0.0432188995182514,0.00030517578125,0.26251784560774183
0.973,0.0432426407933235,0.0006103515625,0.2617526781060715
0.9735,0.0432670749723911,0.0,0.2617053113442674
0.974,0.0432909466326236,0.00030517578125,0.26110445540692817
0.9745,0.0433154441416263,0.00030517578125,0.26113559196602465
0.975,0.0433393381536006,0.00030517578125,0.2605683632273118
0.9755,0.0433635711669921,-0.00030517578125,0.26036421377373514
0.976,0.0433876775205135,0.0006103515625,0.2600389205679478
0.9765,0.0434119775891304,0.00030517578125,0.25990891038909425
0.977,0.0434358157217502,0.0,0.25934100364832713
0.9775,0.0434598848223686,0.0006103515625,0.2590404977650941
0.978,0.0434839092195034,0.00030517578125,0.2587152236285435
0.9785,0.0435078255832195,0.0006103515625,0.2583083854612211
0.979,0.0435322262346744,0.0006103515625,0.25837875515163805
0.9795,0.043556272983551,0.0,0.2580839840221922
0.98,0.0435804314911365,0.00030517578125,0.2579089303976536
0.9805,0.043604303151369,-0.00030517578125,0.2574689313609681
0.981,0.0436284802854061,0.0006103515625,0.2573475816327507
0.9815,0.0436526201665401,-0.00030517578125,0.25718364482388717
0.982,0.0436767265200614,0.0006103515625,0.2569851324908587
0.9825,0.0437011234462261,-0.00030517578125,0.2570573999665048
0.983,0.043725099414587,0.0006103515625,0.2567067922953797
0.9835,0.0437493436038494,0.0,0.2566289719797727
0.984,0.0437735058367252,0.0006103515625,0.25646387413293115
0.9845,0.0437974967062473,0.00030517578125,0.25614123300426667
0.985,0.0438216589391231,-0.00030517578125,0.2559994490860855
0.9855,0.0438456870615482,0.00030517578125,0.25573159926323025
0.986,0.0438698157668113,0.0006103515625,0.2555704519307083
0.9865,0.0438940450549125,0.0,0.2555011402940927
0.987,0.0439181514084339,0.00030517578125,0.2553060352943909
0.9875,0.0439421907067298,0.00030517578125,0.2550544052072484
0.988,0.0439663082361221,-0.00030517578125,0.254886331346172
0.9885,0.0439906008541584,0.0,0.2548796493237875
0.989,0.0440145842730999,0.0,0.2545672097688511
0.9895,0.0440387092530727,0.00091552734375,0.2544074912519837
0.99,0.0440625250339508,0.00030517578125,0.25396569425826476
0.9905,0.0440865494310855,0.0006103515625,0.25375689258789813
0.991,0.0441104024648666,0.0006103515625,0.25340020999281837
0.9915,0.0441342256963253,0.00030517578125,0.2530461946859056
0.992,0.04415800049901,0.0006103515625,0.25267718092444597
0.9925,0.0441818572580814,0.0,0.25241326846594486
0.993,0.0442058518528938,0.00030517578125,0.2522906285239303
0.9935,0.0442296266555786,0.0,0.2519596753797285
0.994,0.0442539937794208,0.00091552734375,0.252190040804662
0.9945,0.0442780777812004,0.0,0.2521017173592045
0.995,0.0443023853003978,0.0,0.2522028977275379
0.9955,0.044326476752758,0.0006103515625,0.2520656780626951
0.996,0.0443506576120853,-0.00030517578125,0.25200113656499573
0.9965,0.0443751029670238,-0.00030517578125,0.2521592416395086
0.997,0.0443993732333183,0.0006103515625,0.2521078437045039
0.9975,0.0444235429167747,0.0006103515625,0.2519447629219047
0.998,0.0444477312266826,0.0,0.25179326431103116
0.9985,0.0444721803069114,0.0,0.25187425285206944
0.999,0.0444962121546268,0.00030517578125,0.2515386163407786
0.9995,0.0445205904543399,0.00030517578125,0.251548149834099
1.0,0.0445446409285068,0.00091552734375,0.25124333341906674
1.0005,0.044568981975317,0.0,0.2512382923737007
1.001,0.0445929653942585,0.0006103515625,0.2509052351246715
1.0015,0.0446171425282955,0.0,0.2507959294449942
1.002,0.0446416363120079,0.00030517578125,0.25099782150181227
1.0025,0.0446653626859188,0.00030517578125,0.2504818154115545
1.003,0.0446897707879543,0.00030517578125,0.2506751753225758
1.0035,0.0447136126458644,0.0006103515625,0.2503453376944037
1.004,0.0447378456592559,0.00030517578125,0.25044117851923975
1.0045,0.044762022793293,-0.00030517578125,0.2504997210674882
1.005,0.0447863563895225,0.0006103515625,0.25072412583605574
1.0055,0.0448104366660118,0.0,0.2507231774503134
1.006,0.0448344200849533,0.0006103515625,0.2506765940211509
1.0065,0.0448584742844104,-0.00030517578125,0.2507465374018149
1.007,0.0448828861117363,-0.00030517578125,0.25118190551098657
1.0075,0.0449068807065486,0.00091552734375,0.251230640892856
1.008,0.0449306145310401,0.0,0.2510950509856608
1.0085,0.044954590499401,0.00030517578125,0.2512652948337363
1.009,0.0449783131480217,0.00030517578125,0.25125148849866913
1.0095,0.0450019910931587,0.00030517578125,0.25127129488273797
1.01,0.0450261570513248,0.00030517578125,0.25180892529875387
1.0105,0.0450500026345253,0.00030517578125,0.25205662409850416
1.011,0.0450740717351436,0.0006103515625,0.2525559970588248
1.0115,0.0450980328023433,0.0006103515625,0.25297194378672255
1.012,0.0451222769916057,0.0,0.2536793675749064
1.0125,0.0451460890471935,0.00030517578125,0.2539855824598961
1.013,0.0451702252030372,0.00030517578125,0.25464390987862673
1.0135,0.0451943650841712,0.00030517578125,0.25531260529969096
1.014,0.0452191121876239,0.0,0.2565491790911222
1.0145,0.0452432557940483,0.0,0.25716559066993816
1.015,0.0452671237289905,0.00030517578125,0.2575558472889543
1.0155,0.0452913641929626,0.0006103515625,0.2583573889831435
1.016,0.0453150905668735,0.00091552734375,0.25870041135502864
1.0165,0.0453384332358837,0.0006103515625,0.25877694080742636
1.017,0.0453613027930259,0.00030517578125,0.2585538337106669
1.0175,0.0453831851482391,0.00030517578125,0.25760984590869374
1.018,0.0454040095210075,0.00030517578125,0.2559999655037846
1.0185,0.0454236604273319,0.0,0.2537289800983944
1.019,0.0454418174922466,0.00030517578125,0.25062410949060104
1.0195,0.0454576313495636,0.0,0.24605963862599142
1.02,0.0454713813960552,-0.00030517578125,0.24054020503784734
1.0205,0.0454827733337879,0.00091552734375,0.23397503581968324
1.021,0.0454915091395378,0.0,0.22629934643414448
1.0215,0.0454973801970481,-0.00030517578125,0.21753765854333715
1.022,0.0455003157258033,0.00030517578125,0.20783935327724332
1.0225,0.0455005131661891,-0.00030517578125,0.19754286694738094
1.023,0.0454978458583354,0.00030517578125,0.18666435590636965
1.0235,0.0454929322004318,-0.00030517578125,0.175788515211721
1.024,0.0454854071140289,-0.00030517578125,0.1646268782041471
1.0245,0.0454763583838939,0.0006103515625,0.1539880146774457
1.025,0.0454659983515739,-0.0006103515625,0.14384931213729185
1.0255,0.0454545319080352,0.00030517578125,0.1341320070467184
1.026,0.0454422757029533,0.00091552734375,0.12480274932721767
1.0265,0.0454294085502624,0.0,0.11576247231876916
1.027,0.0454165376722812,0.0006103515625,0.10726408761046294
1.0275,0.0454033873975276,0.00030517578125,0.09905663886911781
1.028,0.0453902259469032,0.0,0.09136555234990774
1.0285,0.0453771576285362,0.00030517578125,0.08424843212012159
1.029,0.0453642606735229,0.00030517578125,0.07773052995174223
1.0295,0.0453512743115425,0.0,0.07165344086485236
1.03,0.045338325202465,0.0,0.06607471243331363
1.0305,0.0453255586326122,-0.00030517578125,0.061045804053481784
1.031,0.04531230032444,0.0,0.056230694251105134
1.0315,0.0452997311949729,-0.00030517578125,0.05215989147396298
1.032,0.045287124812603,0.00030517578125,0.0484566190222588
1.0325,0.0452743098139762,0.00091552734375,0.045031938031407585
1.033,0.0452613830566406,0.0,0.04191283287663594
1.0335,0.0452487953007221,0.00091552734375,0.03924681975149564
1.034,0.0452359281480312,0.00030517578125,0.036759902268046006
1.0345,0.0452233403921127,0.0006103515625,0.0346356368566966
1.035,0.0452107824385166,0.0,0.032743543355434085
1.0355,0.0451983623206615,0.0,0.031090863571462932
1.036,0.045185599476099,0.0006103515625,0.029491997927741494
1.0365,0.0451728403568267,0.0006103515625,0.028051334092706017
1.037,0.0451603904366493,0.00030517578125,0.026839596808127766
1.0375,0.0451477579772472,0.00030517578125,0.025675612602263233
1.038,0.0451353229582309,0.00030517578125,0.024663485901325777
1.0385,0.0451226867735385,0.0,0.023666560554177474
1.039,0.0451101958751678,0.00030517578125,0.02277958289399864
1.0395,0.0450978726148605,0.0,0.021992346082040704
1.04,0.0450850985944271,0.0006103515625,0.021122900038395002
1.0405,0.0450730063021183,0.0,0.020483824304615393
1.041,0.0450603179633617,0.0,0.019708740451951277
1.0415,0.0450475662946701,0.0006103515625,0.01895511524722335
1.042,0.0450349561870098,0.00030517578125,0.018271773472155722
1.0425,0.0450226999819278,0.00091552734375,0.01770042891129665
1.043,0.0450105592608451,0.0,0.017167769061648522
1.0435,0.0449978224933147,0.0006103515625,0.01649958725850427
1.044,0.0449851304292678,0.00030517578125,0.01586687916061602
1.0445,0.0449728965759277,0.0006103515625,0.015360379305601884
1.045,0.044960368424654,0.0006103515625,0.01479235581121456
1.0455,0.0449480190873146,0.0006103515625,0.01427764943304231
1.046,0.0449355915188789,0.00030517578125,0.013753849251686137
1.0465,0.0449228323996067,0.0006103515625,0.013168751638426807
1.047,0.0449106097221374,-0.00030517578125,0.01271479141930837
1.0475,0.0448979474604129,-0.00030517578125,0.012173214351698675
1.048,0.044885579496622,0.00030517578125,0.011705580127068979
1.0485,0.0448732450604438,0.0006103515625,0.011251134812530702
1.049,0.0448606610298156,0.00030517578125,0.010753910365968743
1.0495,0.0448482036590576,0.00030517578125,0.01029246962711408
1.05,0.0448358990252018,0.0,0.009867919245756184
1.0505,0.0448234304785728,0.0006103515625,0.00941876156718534
1.051,0.0448105968534946,-0.00030517578125,0.008913681471648867
1.0515,0.044798232614994,0.0006103515625,0.00850650270693997
1.052,0.0447857640683651,0.0006103515625,0.00808766612987761
1.0525,0.0447731651365757,0.0,0.007655597779281263
1.053,0.0447606891393661,0.00030517578125,0.007254144730222457
1.0535,0.0447483621537685,0.0,0.006884388220764558
1.054,0.0447358004748821,-0.00030517578125,0.006484580166286328
1.0545,0.0447232797741889,0.0,0.006101040563348225
1.055,0.0447109192609787,0.0,0.005749988531135513
1.0555,0.0446984209120273,0.00030517578125,0.005386581703243525
1.056,0.0446859970688819,-0.00030517578125,0.005042592673029981
1.0565,0.0446736328303813,0.0,0.004714671313129181
1.057,0.0446612536907196,0.00030517578125,0.004392502490632055
1.0575,0.0446486622095108,0.00030517578125,0.004052738544378997
1.058,0.0446362048387527,0.0006103515625,0.003740251462379553
1.0585,0.0446237809956073,0.00091552734375,0.0034412583763508155
1.059,0.0446111671626567,0.0,0.003131373118275475
1.0595,0.0445987917482852,0.00030517578125,0.002858193701067052
1.06,0.0445863902568817,0.0006103515625,0.0025917350463882396
1.0605,0.044573750346899,0.00030517578125,0.0023132556289364057
1.061,0.044561069458723,0.00030517578125,0.0020447697437840336
1.0615,0.0445486083626747,0.00030517578125,0.0018084780777139536
1.062,0.0445361137390136,-0.00030517578125,0.0015812841463789607
1.0625,0.0445233359932899,0.00030517578125,0.0013465140508045505
1.063,0.0445112101733684,0.0,0.001171001786542851
1.0635,0.0444984920322895,0.00030517578125,0.0009686886721617735
1.064,0.0444860830903053,0.0,0.0008001398089401282
1.0645,0.0444732941687107,0.00030517578125,0.0006267036851916902
1.065,0.0444611497223377,0.0,0.0004999505681824586
1.0655,0.044448796659708,0.00030517578125,0.00037734709825978897
1.066,0.0444359108805656,0.00091552734375,0.00025336327762955356
1.0665,0.0444235764443874,0.0,0.00016612275770051067
1.067,0.0444110482931137,0.0006103515625,9.23024264016616e-05
1.0675,0.0443985722959041,0.00030517578125,3.980881717183248e-05
1.068,0.0443860627710819,0.0,8.450193949079316e-06
1.0685,0.044373519718647,0.0006103515625,0.0
1.069,0.0443610921502113,0.0,0.0
1.0695,0.0443485789000988,0.00030517578125,0.0
1.07,0.0443361029028892,0.00030517578125,0.0
1.0705,0.044323656708002,-0.00030517578125,0.0
1.071,0.0443110130727291,0.00091552734375,0.0
1.0715,0.0442987158894538,0.0,0.0
1.072,0.0442861951887607,0.0,0.0
1.0725,0.0442739054560661,0.00030517578125,0.0
1.073,0.0442612916231155,0.0,0.0
1.0735,0.0442486070096492,0.00030517578125,0.0
1.074,0.0442363545298576,0.0,0.0
1.0745,0.0442236959934234,0.00030517578125,0.0
1.075,0.0442115478217601,0.00030517578125,0.0
1.0755,0.044198952615261,0.00030517578125,0.0
1.076,0.0441863574087619,0.00030517578125,0.0
1.0765,0.0441737100481987,0.0006103515625,0.0
1.077,0.0441612601280212,0.00030517578125,0.0
1.0775,0.0441485345363616,0.00030517578125,0.0
1.078,0.0441361665725708,0.00030517578125,0.0
1.0785,0.0441239215433597,0.00030517578125,0.0
1.079,0.0441112667322158,0.0006103515625,0.0
1.0795,0.0440989285707473,-0.00030517578125,0.0
1.08,0.0440864376723766,0.0,0.0
1.0805,0.044073961675167,0.0006103515625,0.0
1.081,0.0440612472593784,0.00030517578125,0.0
1.0815,0.0440487340092659,0.0006103515625,0.0
1.082,0.0440363883972168,0.0006103515625,0.0
1.0825,0.0440237075090408,0.00091552734375,0.0
1.083,0.0440113693475723,0.0006103515625,0.0
1.0835,0.0439988747239112,0.0,0.0
1.084,0.0439863950014114,0.00030517578125,0.0
1.0845,0.0439736917614936,0.0006103515625,0.0
1.085,0.0439612492918968,0.00030517578125,0.0
1.0855,0.043948758393526,0.00030517578125,0.0
1.086,0.0439363196492195,0.00030517578125,0.0
1.0865,0.0439238660037517,0.0006103515625,0.0
1.087,0.0439114794135093,0.0006103515625,0.0
1.0875,0.0438986346125602,0.0006103515625,0.0
1.088,0.0438863933086395,-0.00030517578125,0.0
1.0885,0.043873980641365,0.00030517578125,0.0
1.089,0.0438612028956413,0.0,0.0
1.0895,0.0438487231731414,0.00030517578125,0.0
1.09,0.0438362993299961,0.0006103515625,0.0
1.0905,0.0438237898051738,0.0,0.0
1.091,0.0438111163675785,0.0006103515625,0.0
1.0915,0.0437988527119159,0.00030517578125,0.0
1.092,0.0437862686812877,0.00030517578125,0.0
1.0925,0.0437736250460147,0.0,0.0
1.093,0.0437613539397716,0.00030517578125,0.0
1.0935,0.0437486469745636,0.0,0.0
1.094,0.0437362641096115,0.00030517578125,0.0
1.0945,0.0437237918376922,-0.00030517578125,0.0
1.095,0.0437115728855133,0.0006103515625,0.0
1.0955,0.0436986722052097,0.0006103515625,0.0
1.096,0.0436863414943218,-0.00030517578125,0.0
1.0965,0.0436738990247249,0.00030517578125,0.0
1.097,0.0436612777411937,0.00030517578125,0.0
1.0975,0.0436484813690185,0.00030517578125,0.0
1.098,0.0436364561319351,0.00030517578125,0.0
1.0985,0.0436236821115016,0.0006103515625,0.0
1.099,0.043610855937004,0.00030517578125,0.0
1.0995,0.0435987338423728,0.0,0.0
1.1,0.0435860455036163,0.00030517578125,0.0
1.1005,0.0435735508799552,0.00030517578125,0.0
1.101,0.0435609519481658,0.00030517578125,0.0
1.1015,0.0435486920177936,0.0006103515625,0.0
1.102,0.0435362160205841,0.00030517578125,0.0
1.1025,0.0435237698256969,0.00030517578125,0.0
1.103,0.0435112379491329,0.0006103515625,0.0
1.1035,0.043498758226633,0.0,0.0
1.104,0.0434862412512302,0.0,0.0
1.1045,0.043473545461893,0.0006103515625,0.0
1.105,0.0434614829719066,0.0006103515625,0.0
1.1055,0.0434489138424396,0.00030517578125,0.0
1.106,0.0434362813830375,-0.00030517578125,0.0
1.1065,0.0434240065515041,-0.00030517578125,0.0
1.107,0.043411199003458,0.0,0.0
1.1075,0.0433991663157939,0.00030517578125,0.0
1.108,0.0433864966034889,0.00030517578125,0.0
1.1085,0.0433740057051181,0.0006103515625,0.0
1.109,0.0433612950146198,-0.00030517578125,0.0
1.1095,0.0433491840958595,0.00030517578125,0.0
1.11,0.0433365851640701,0.00030517578125,0.0
1.1105,0.0433241240680217,0.00030517578125,0.0
1.111,0.0433118529617786,0.0,0.0
1.1115,0.0432991497218608,0.0006103515625,0.0
1.112,0.043286669999361,0.00030517578125,0.0
1.1125,0.0432743430137634,0.0006103515625,0.0
1.113,0.043261993676424,0.0,0.0
1.1135,0.0432495288550853,0.0,0.0
1.114,0.0432368740439415,-0.00030517578125,0.0
1.1145,0.0432244874536991,0.0006103515625,0.0
1.115,0.0432117879390716,0.0006103515625,0.0
1.1155,0.043199099600315,0.0,0.0
1.116,0.0431868098676204,0.0006103515625,0.0
1.1165,0.0431745164096355,0.0006103515625,0.0
1.117,0.0431616194546222,0.00030517578125,0.0
1.1175,0.0431492179632186,0.00091552734375,0.0
1.118,0.043136715888977,0.00030517578125,0.0
1.1185,0.043124534189701,0.0006103515625,0.0
1.119,0.0431118421256542,0.0,0.0
1.1195,0.0430994443595409,0.0,0.0
1.12,0.0430870689451694,0.0006103515625,0.0
1.1205,0.0430741198360919,0.0,0.0
1.121,0.0430619120597839,0.0,0.0
1.1215,0.0430497042834758,0.0006103515625,0.0
1.122,0.043036974966526,0.0,0.0
1.1225,0.0430244654417037,0.00030517578125,0.0
1.123,0.0430118627846241,0.0006103515625,0.0
1.1235,0.0429993495345115,-0.00030517578125,0.0
1.124,0.0429867729544639,0.0006103515625,0.0
1.1245,0.0429742559790611,0.0006103515625,0.0
1.125,0.0429618023335933,0.00030517578125,0.0
1.1255,0.0429492443799972,0.0,0.0
1.126,0.0429368652403354,0.0,0.0
1.1265,0.042924165725708,0.00030517578125,0.0
1.127,0.042911946773529,0.0006103515625,0.0
1.1275,0.0428993292152881,0.0006103515625,0.0
1.128,0.0428870171308517,0.0006103515625,0.0
1.1285,0.0428743511438369,0.00030517578125,0.0
1.129,0.0428617000579834,-0.00030517578125,0.0
1.1295,0.0428494028747081,0.00030517578125,0.0
1.13,0.0428366176784038,0.0,0.0
1.1305,0.0428243540227413,0.00030517578125,0.0
1.131,0.0428118966519832,0.0006103515625,0.0
1.1315,0.0427992157638073,0.0006103515625,0.0
1.132,0.0427867136895656,0.00030517578125,0.0
1.1325,0.042774274945259,0.00030517578125,0.0
1.133,0.0427618660032749,0.00030517578125,0.0
1.1335,0.0427491478621959,0.0,0.0
1.134,0.0427367612719535,0.0006103515625,0.0
1.1345,0.0427243970334529,0.00030517578125,0.0
1.135,0.0427118577063083,0.00030517578125,0.0
1.1355,0.0426993407309055,0.00030517578125,0.0
1.136,0.0426869764924049,0.00030517578125,0.0
1.1365,0.0426742061972618,0.00030517578125,0.0
1.137,0.0426618084311485,0.00030517578125,0.0
1.1375,0.0426492616534233,0.00030517578125,0.0
1.138,0.0426369607448577,0.00091552734375,0.0
1.1385,0.0426244139671325,0.0,0.0
1.139,0.0426118709146976,0.00030517578125,0.0
1.1395,0.0425995923578739,0.00091552734375,0.0
1.14,0.0425868816673755,0.0006103515625,0.0
1.1405,0.0425744839012622,0.00030517578125,0.0
1.141,0.0425621569156646,0.0006103515625,0.0
1.1415,0.0425493866205215,0.00030517578125,0.0
1.142,0.0425371825695037,0.00030517578125,0.0
1.1425,0.0425247475504875,0.00030517578125,0.0
1.143,0.0425120890140533,0.00030517578125,0.0
1.1435,0.0424994938075542,0.00030517578125,0.0
1.144,0.0424869954586029,0.0006103515625,0.0
1.1445,0.0424745380878448,0.0006103515625,0.0
1.145,0.0424619391560554,0.0006103515625,0.0
1.1455,0.0424496494233608,0.0006103515625,0.0
1.146,0.0424370840191841,-0.00030517578125,0.0
1.1465,0.0424241460859775,0.0,0.0
1.147,0.0424118526279926,0.0,0.0
1.1475,0.0423992834985256,-0.00030517578125,0.0
1.148,0.0423867404460907,0.00030517578125,0.0
1.1485,0.042374163866043,0.00030517578125,0.0
1.149,0.0423619337379932,0.0,0.0
1.1495,0.0423491857945919,0.00030517578125,0.0
1.15,0.0423367843031883,0.0006103515625,0.0
1.1505,0.0423243567347526,0.0,0.0
1.151,0.0423119142651557,0.00091552734375,0.0
1.1515,0.0422994457185268,0.00030517578125,0.0
1.152,0.0422868803143501,0.00030517578125,0.0
1.1525,0.0422747246921062,0.00091552734375,0.0
1.153,0.042261965572834,0.00030517578125,0.0
1.1535,0.0422496534883976,0.00030517578125,0.0
1.154,0.0422367565333843,0.0006103515625,0.0
1.1545,0.0422246009111404,0.0006103515625,0.0
1.155,0.0422119237482547,0.00091552734375,0.0
1.1555,0.0421991720795631,0.0006103515625,0.0
1.156,0.0421869158744812,0.0006103515625,0.0
1.1565,0.0421742275357246,0.0,0.0
1.157,0.042161613702774,0.0,0.0
1.1575,0.0421489886939525,0.00030517578125,0.0
1.158,0.0421367734670639,0.00030517578125,0.0
1.1585,0.0421241782605648,-0.00030517578125,0.0
1.159,0.0421117879450321,0.00030517578125,0.0
1.1595,0.0420991852879524,0.00091552734375,0.0
1.16,0.0420863144099712,-0.00030517578125,0.0
1.1605,0.0420738980174064,0.0,0.0
1.161,0.0420618094503879,0.0006103515625,0.0
1.1615,0.0420494675636291,0.0006103515625,0.0
1.162,0.0420364998281002,-0.00030517578125,0.0
1.1625,0.0420240312814712,0.00030517578125,0.0
1.163,0.042011372745037,0.0006103515625,0.0
1.1635,0.0419990457594394,0.0006103515625,0.0
1.164,0.0419864244759082,-0.00030517578125,0.0
1.1645,0.0419742278754711,0.0006103515625,0.0
1.165,0.0419614240527153,0.0,0.0
1.1655,0.0419492162764072,0.0006103515625,0.0
1.166,0.0419368594884872,0.00030517578125,0.0
1.1665,0.0419243574142456,0.00030517578125,0.0
1.167,0.041912131011486,0.00030517578125,0.0
1.1675,0.0418996773660182,-0.00030517578125,0.0
1.168,0.0418872274458408,0.0006103515625,0.0
1.1685,0.0418742820620536,0.0006103515625,0.0
1.169,0.0418621897697448,0.00030517578125,0.0
1.1695,0.0418497361242771,0.00030517578125,0.0
1.17,0.0418370030820369,0.00091552734375,0.0
1.1705,0.0418246611952781,0.0,0.0
1.171,0.0418123304843902,0.001220703125,0.0
1.1715,0.0417996756732463,0.00091552734375,0.0
1.172,0.0417870804667472,0.0006103515625,0.0
1.1725,0.0417748130857944,0.00030517578125,0.0
1.173,0.0417623184621334,0.0,0.0
1.1735,0.0417499653995037,0.0,0.0
1.174,0.0417372211813926,0.00030517578125,0.0
1.1745,0.0417250469326972,0.00030517578125,0.0
1.175,0.0417122468352317,0.00030517578125,0.0
1.1755,0.0416998527944088,0.0,0.0
1.176,0.0416874401271343,0.0006103515625,0.0
1.1765,0.0416746437549591,-0.00030517578125,0.0
1.177,0.0416623577475547,0.0,0.0
1.1775,0.0416496396064758,0.00030517578125,0.0
1.178,0.0416372939944267,0.00030517578125,0.0
1.1785,0.0416247136890888,0.0,0.0
1.179,0.0416122265160083,0.00030517578125,0.0
1.1795,0.041599653661251,0.0006103515625,0.0
1.18,0.0415873080492019,0.00030517578125,0.0
1.1805,0.0415750555694103,-0.00030517578125,0.0
1.181,0.041562583297491,0.0006103515625,0.0
1.1815,0.0415505655109882,0.00030517578125,0.0
1.182,0.0415393002331256,0.00030517578125,0.0
1.1825,0.0415292158722877,0.00030517578125,0.0
1.183,0.041520208120346,0.0006103515625,0.0
1.1835,0.0415131598711013,0.0006103515625,0.0
1.184,0.041508175432682,0.00030517578125,0.0
1.1845,0.0415060929954052,0.0006103515625,0.0
1.185,0.0415065735578537,0.0,0.0
1.1855,0.0415103025734424,0.00030517578125,0.0
1.186,0.0415167994797229,0.0006103515625,0.0
1.1865,0.0415261127054691,0.0006103515625,0.0
1.187,0.041537832468748,0.00030517578125,0.0
1.1875,0.0415525771677494,0.0006103515625,0.0
1.188,0.0415693633258342,0.0006103515625,0.0
1.1885,0.0415876507759094,0.00091552734375,0.0
1.189,0.0416081324219703,0.00030517578125,0.0
1.1895,0.0416294634342193,0.00030517578125,0.0
1.19,0.041652113199234,0.0006103515625,0.0
1.1905,0.0416752323508262,0.00030517578125,0.0
1.191,0.0416990108788013,0.0006103515625,0.0
1.1915,0.0417226962745189,0.00030517578125,0.0
1.192,0.0417468175292015,0.0,0.0
1.1925,0.04177101328969,0.001220703125,0.0
1.193,0.0417949892580509,0.0,0.0
1.1935,0.0418191030621528,0.0,0.0
1.194,0.0418433956801891,0.00091552734375,0.0
1.1945,0.0418674871325492,0.00030517578125,0.0
1.195,0.0418915078043937,0.0006103515625,0.0
1.1955,0.0419156588613987,0.0006103515625,0.0
1.196,0.0419394858181476,0.0,0.0
1.1965,0.0419634245336055,0.0006103515625,0.0
1.197,0.0419875532388687,-0.00030517578125,0.0
1.1975,0.0420115813612937,-0.0006103515625,0.0
1.198,0.0420356653630733,0.0,0.0
1.1985,0.0420597530901432,0.00091552734375,0.0
1.199,0.0420839115977287,0.0,0.0
1.1995,0.0421080514788627,0.00030517578125,0.0
1.2,0.0421321876347065,0.00030517578125,0.0
1.2005,0.0421564057469368,0.00030517578125,0.0
1.201,0.042180772870779,0.00030517578125,0.0
1.2015,0.0422049053013324,0.00030517578125,0.0
1.202,0.0422291196882724,0.0,0.0
1.2025,0.0422533489763736,0.00030517578125,0.0
1.203,0.0422773472964763,0.0006103515625,0.0
1.2035,0.0423010326921939,0.0006103515625,0.0
1.204,0.0423256047070026,0.0006103515625,0.0
1.2045,0.0423493683338165,0.00030517578125,0.0
1.205,0.0423735491931438,0.00030517578125,0.0
1.2055,0.0423979721963405,0.0006103515625,0.0005921346227421803
1.206,0.0424218922853469,0.00030517578125,0.0029480142713419442
1.2065,0.0424459315836429,0.00030517578125,0.007002152912044135
1.207,0.0424703210592269,0.0006103515625,0.012658000276952993
1.2075,0.042494460940361,0.0006103515625,0.01964056632877468
1.208,0.042518027126789,0.0,0.027663301868538777
1.2085,0.0425423644483089,0.00030517578125,0.03703103980208789
1.209,0.0425669513642787,0.00030517578125,0.04754847927025001
1.2095,0.0425907596945762,0.00030517578125,0.058703737062047304
1.21,0.0426148399710655,0.0006103515625,0.07088855885851617
1.2105,0.0426389537751674,0.0,0.0839844201664871
1.211,0.0426629036664962,0.0,0.0978731689940194
1.2115,0.0426872707903385,0.00030517578125,0.11265877026120785
1.212,0.0427112765610218,0.00030517578125,0.12732356414042584
1.2125,0.0427353754639625,-0.00030517578125,0.14158163117437658
1.213,0.0427593737840652,0.00030517578125,0.15492095467508246
1.2135,0.0427837446331977,0.00030517578125,0.16749650634574778
1.214,0.0428080447018146,0.00030517578125,0.1788763726208745
1.2145,0.0428319349884986,0.0006103515625,0.18877858528232438
1.215,0.0428563058376312,0.00030517578125,0.19796465412576603
1.2155,0.0428803451359272,0.0,0.2058048410815985
1.216,0.0429045036435127,-0.00030517578125,0.21277727123500567
1.2165,0.0429287031292915,0.0006103515625,0.2188890375468881
1.217,0.0429528728127479,0.00030517578125,0.22416500870451544
1.2175,0.0429769307374954,0.00030517578125,0.22862486130682766
1.218,0.0430009067058563,0.0006103515625,0.23240067777643
1.2185,0.0430252626538276,0.0006103515625,0.2359656257371271
1.219,0.043049182742834,0.0006103515625,0.2386429293124429
1.2195,0.043073397129774,0.00030517578125,0.24118590479788007
1.22,0.0430975705385208,0.00030517578125,0.24331912803396888
1.2205,0.0431218147277832,0.0006103515625,0.24519429448337832
1.221,0.043145578354597,0.0006103515625,0.246364206369432
1.2215,0.0431698188185691,0.0006103515625,0.24777910321388932
1.222,0.043193981051445,0.0006103515625,0.24890916032635843
1.2225,0.0432180948555469,0.0,0.24982208899902272
1.223,0.043242085725069,0.00091552734375,0.25048156916493797
1.2235,0.0432663150131702,0.0,0.25125181509345246
1.224,0.0432905107736587,0.00030517578125,0.2518696455760259
1.2245,0.0433144010603427,-0.00030517578125,0.2521110174697647
1.225,0.0433388315141201,0.00030517578125,0.2528010968280508
1.2255,0.0433628782629966,0.0006103515625,0.25303169457221736
1.226,0.0433870255947113,0.0,0.2533123792386378
1.2265,0.0434108786284923,-0.0006103515625,0.25327673822175084
1.227,0.0434349067509174,0.0006103515625,0.2533992418447875
1.2275,0.0434589423239231,0.00030517578125,0.2535014176441011
1.228,0.043483167886734,0.0,0.25375325456216874
1.2285,0.0435073152184486,0.0006103515625,0.25388724226367376
1.229,0.0435314029455184,0.00030517578125,0.2539377591163159
1.2295,0.0435554943978786,0.00030517578125,0.25397496996459706
1.23,0.043579626828432,0.00091552734375,0.25403458236233545
1.2305,0.0436039939522743,0.00030517578125,0.2542892630924264
1.231,0.043627880513668,0.00030517578125,0.2540562939366202
1.2315,0.0436520129442215,0.00030517578125,0.2540721052094345
1.232,0.043676234781742,0.0006103515625,0.2541558802703685
1.2325,0.0437004379928112,0.0006103515625,0.254198669941277
1.233,0.0437244698405265,0.00091552734375,0.2540666967722002
1.2335,0.0437487363815307,0.0,0.25415584861565527
1.234,0.0437729135155677,0.0006103515625,0.2541366096825585
1.2345,0.0437967106699943,0.00030517578125,0.25376127279612426
1.235,0.0438211150467395,0.0,0.2539835825207821
1.2355,0.0438454337418079,0.00030517578125,0.2540804480697505
1.236,0.0438691601157188,0.0006103515625,0.25360801059442617
1.2365,0.0438930764794349,0.00030517578125,0.2533655337545472
1.237,0.0439174100756645,0.00030517578125,0.25352481736031524
1.2375,0.043941430747509,0.00030517578125,0.25336001024432014
1.238,0.0439653433859348,0.00030517578125,0.25310615622769456
1.2385,0.0439896918833255,0.00030517578125,0.2532697073865317
1.239,0.0440137796103954,0.0,0.25315320017205944
1.2395,0.044037465006113,0.00030517578125,0.25267211260225486
1.24,0.0440617650747299,0.0,0.2528061068793036
1.2405,0.0440858788788318,0.0006103515625,0.25273166163006416
1.241,0.044109858572483,0.00030517578125,0.25252791047620127
1.2415,0.0441341772675514,0.0006103515625,0.2526437457392526
1.242,0.0441581197082996,0.00030517578125,0.25237988921996934
1.2425,0.044182252138853,-0.00030517578125,0.252309216407579
1.243,0.0442062430083751,0.00030517578125,0.25210026988189965
1.2435,0.0442306138575077,0.0,0.2522472950674712
1.244,0.0442544221878051,0.00030517578125,0.25183922843276235
1.2445,0.0442785546183586,0.0,0.25176567220207735
1.245,0.0443026423454284,0.0006103515625,0.2516403553221181
1.2455,0.044326763600111,0.0006103515625,0.2515420879655872
1.246,0.0443507581949234,0.0006103515625,0.251320696082545
1.2465,0.0443749763071537,0.00030517578125,0.25131136322737635
1.247,0.044399119913578,0.00030517578125,0.25121151569975764
1.2475,0.0444232262670993,0.00030517578125,0.2510687074991806
1.248,0.0444473810493946,0.0006103515625,0.2509665972709855
1.2485,0.0444716401398181,0.0006103515625,0.25094923375498074
1.249,0.0444956943392753,0.0,0.25072630412042807
1.2495,0.044520117342472,0.00030517578125,0.25085340211131885
1.25,0.0445441342890262,-0.00030517578125,0.2505798762507742
1.2505,0.0445682108402252,0.00030517578125,0.2503937691468494
1.251,0.0445925407111644,0.00030517578125,0.2504619523228739
1.2515,0.0446166880428791,-0.00030517578125,0.2503565793401062
1.252,0.044640690088272,0.0,0.2501418109213776
1.2525,0.0446647219359874,0.0,0.24999733286659068
1.253,0.0446888990700244,0.0,0.25002178812864534
1.2535,0.0447129867970943,0.0006103515625,0.2499820726594221
1.254,0.0447370037436485,0.0,0.24990916707697272
1.2545,0.0447612144052982,0.00030517578125,0.2500513393964138
1.255,0.0447853133082389,0.0,0.25010465238967694
1.2555,0.044809628278017,0.0006103515625,0.2503839973604282
1.256,0.0448336116969585,0.0,0.2503635329125879
1.2565,0.0448577627539634,-0.00030517578125,0.2505440939821213
1.257,0.0448823310434818,0.00030517578125,0.2511272079949368
1.2575,0.0449059456586837,0.00030517578125,0.25081697457025187
1.258,0.0449300445616245,0.0006103515625,0.251054972779158
1.2585,0.0449542216956615,0.001220703125,0.25139212285509016
1.259,0.0449783354997634,0.0,0.25169083665135605
1.2595,0.0450025089085102,0.00030517578125,0.25207379225288346
1.26,0.0450264066457748,0.0006103515625,0.25222767255280476
1.2605,0.0450509525835514,0.0,0.25303173432388076
1.261,0.0450744330883026,0.0,0.2528320457977464
1.2615,0.0450985431671142,0.0006103515625,0.25332667553035376
1.262,0.0451228991150856,-0.00030517578125,0.2540666964759267
1.2625,0.0451465658843517,0.00030517578125,0.25416876936328775
1.263,0.0451707281172275,-0.00030517578125,0.25481365299420394
1.2635,0.0451952032744884,0.00091552734375,0.25575521278174407
1.264,0.0452191047370433,0.00030517578125,0.25614292296158087
1.2645,0.0452434904873371,0.0006103515625,0.25703361439182837
1.265,0.0452676266431808,0.00030517578125,0.2576830148353515
1.2655,0.0452914722263813,0.0,0.25809793341520093
1.266,0.0453150682151317,0.0,0.2583529837970625
1.2665,0.0453382693231105,0.00091552734375,0.2583471485127116
1.267,0.0453612357378006,0.0006103515625,0.25826806077547654
1.2675,0.0453829616308212,0.00030517578125,0.25721840735718177
1.268,0.0454039983451366,0.00030517578125,0.2558501846801083
1.2685,0.0454237535595893,0.0,0.2536922763106656
1.269,0.0454416573047637,0.00030517578125,0.2503444279815739
1.2695,0.0454573072493076,-0.00030517578125,0.24567074833968613
1.27,0.045471079647541,0.0006103515625,0.24021384488510686
1.2705,0.0454823188483715,0.0006103515625,0.2335613127877837
1.271,0.0454909242689609,0.0006103515625,0.22581730798410513
1.2715,0.0454973243176937,0.0006103515625,0.21756896875121992
1.272,0.0455015189945697,0.00030517578125,0.20888595669254909
1.2725,0.0455035604536533,0.00030517578125,0.19990352060685992
1.273,0.0455050952732563,0.0,0.19197666785796566
1.2735,0.0455054305493831,-0.00030517578125,0.1843613381830584
1.274,0.0455052331089973,0.00030517578125,0.17749946216667525
1.2745,0.0455049201846122,0.0,0.17156297540803134
1.275,0.0455047450959682,0.0006103515625,0.16657344231439594
1.2755,0.0455041415989398,0.0006103515625,0.16194520166552992
1.276,0.0455040633678436,-0.00030517578125,0.15830909883394537
1.2765,0.0455041192471981,0.0006103515625,0.15522514795520456
1.277,0.045503482222557,0.00030517578125,0.15200786716359374
1.2775,0.0455035604536533,0.0006103515625,0.1496708360977425
1.278,0.0455035157501697,0.00030517578125,0.147499289252449
1.2785,0.0455031841993331,0.0006103515625,0.14534800120486868
1.279,0.0455029644072055,0.00030517578125,0.14348663628595848
1.2795,0.0455028004944324,0.00030517578125,0.1418364695606173
1.28,0.0455029159784317,0.00030517578125,0.14052825502248775
1.2805,0.0455023869872093,0.0,0.13887669984157913
1.281,0.0455024577677249,0.00030517578125,0.1377756169141681
1.2815,0.0455025658011436,0.0006103515625,0.13678300503371696
1.282,0.0455025248229503,0.00030517578125,0.13575744308007345
1.2825,0.0455022752285003,0.0,0.13465395673804564
1.283,0.0455058105289936,0.0006103515625,0.1362607936605783
1.2835,0.0455029793083667,0.00030517578125,0.1333465176817946
1.284,0.0455085150897502,0.00030517578125,0.1364265643379349
1.2845,0.045499000698328,0.0006103515625,0.128904768677026
1.285,0.0455142445862293,0.0,0.13894585874478496
1.2855,0.0454902276396751,0.0,0.12141087027479891
1.286,0.0455276258289814,0.00091552734375,0.14721398840478137
1.2865,0.0454666838049888,0.0006103515625,0.10464422097244518
1.287,0.0455853343009948,0.0006103515625,0.19029208433901015
1.2875,0.0451640598475933,0.0006103515625,0.0029694376034694442
