time [s],Lmtc [m],STIM [ ],Fsee [N]
0.0,0.044,0.0,0.410324597158118
0.0005,0.044,0.0,0.41032196982661134
0.001,0.044,0.0,0.41031943984203106
0.0015,0.044,0.0,0.4103170035764079
0.002,0.044,0.0,0.41031465754721397
0.0025,0.044,0.0,0.41031239839376016
0.003,0.044,0.0,0.4103102228898871
0.0035,0.044,0.0,0.4103081279221882
0.004,0.044,0.0,0.41030611050171983
0.0045,0.044,0.0,0.4103041677438842
0.005,0.044,0.0,0.4103022968792763
0.0055,0.044,0.0,0.41030049523505996
0.006,0.044,0.0,0.41029876024502115
0.0065,0.044,0.0,0.41029708943234
0.007,0.044,0.0,0.4102954804189056
0.0075,0.044,0.0,0.4102939309093741
0.008,0.044,0.0,0.41029243869979226
0.0085,0.044,0.0,0.41029100166284543
0.009,0.044,0.0,0.41028961775585204
0.0095,0.044,0.0,0.41028828500709724
0.01,0.044,0.0,0.4102870015232609
0.0105,0.044,0.0,0.41028576547674694
0.011,0.044,0.0,0.41028457511253785
0.0115,0.044,0.0,0.41028342873654705
0.012,0.044,0.0,0.4102823247218935
0.0125,0.044,0.0,0.4102812614981592
0.013,0.044,0.0,0.4102802375571665
0.0135,0.044,0.0,0.4102792514430519
0.014,0.044,0.0,0.41027830175762814
0.0145,0.044,0.0,0.4102773871511772
0.015,0.044,0.0,0.41027650632743917
0.0155,0.044,0.0,0.4102756580350281
0.016,0.044,0.0,0.4102748410721229
0.0165,0.044,0.0,0.4102740542784989
0.017,0.044,0.0,0.41027329653983896
0.0175,0.044,0.0,0.4102725667803796
0.018,0.044,0.0,0.41027186396691867
0.0185,0.044,0.0,0.41027118710199356
0.019,0.044,0.0,0.410270535227571
0.0195,0.044,0.0,0.41026990741873687
0.02,0.044,0.0,0.4102693027871372
0.0205,0.044,0.0,0.41026872047513085
0.021,0.044,0.0,0.410268159658948
0.0215,0.044,0.0,0.41026761954329133
0.022,0.044,0.0,0.4102670993642736
0.0225,0.044,0.0,0.41026659838439233
0.023,0.044,0.0,0.41026611589527356
0.0235,0.044,0.0,0.41026565121297887
0.024,0.044,0.0,0.4102652036806033
0.0245,0.044,0.0,0.4102647726638871
0.025,0.044,0.0,0.41026435755361995
0.0255,0.044,0.0,0.41026395776162583
0.026,0.044,0.0,0.4102635727229051
0.0265,0.044,0.0,0.41026320189199195
0.027,0.044,0.0,0.41026284474490327
0.0275,0.044,0.0,0.41026250077575915
0.028,0.044,0.0,0.4102621694986139
0.0285,0.044,0.0,0.4102618504442905
0.029,0.044,0.0,0.4102615431621224
0.0295,0.044,0.0,0.4102612472169537
0.03,0.044,0.0,0.41026096219081154
0.0305,0.044,0.0,0.41026068768013485
0.031,0.044,0.0,0.41026042329725976
0.0315,0.044,0.0,0.41026016866787646
0.032,0.044,0.0,0.4102599234324666
0.0325,0.044,0.0,0.4102596872438565
0.033,0.044,0.0,0.41025945976859246
0.0335,0.044,0.0,0.410259240684681
0.034,0.044,0.0,0.4102590296828461
0.0345,0.044,0.0,0.4102588264644493
0.035,0.044,0.0,0.4102586307426228
0.0355,0.044,0.0,0.4102584422403899
0.036,0.044,0.0,0.4102582606916666
0.0365,0.044,0.0,0.4102580858395617
0.037,0.044,0.0,0.41025791743728207
0.0375,0.044,0.0,0.41025775524655006
0.038,0.044,0.0,0.4102575990384671
0.0385,0.044,0.0,0.4102574485920139
0.039,0.044,0.0,0.41025730369488717
0.0395,0.044,0.0,0.41025716414208224
0.04,0.044,0.0,0.410257029736681
0.0405,0.044,0.0,0.4102569002885391
0.041,0.044,0.0,0.4102567756150043
0.0415,0.044,0.0,0.4102566555397002
0.042,0.044,0.0,0.41025653989321736
0.0425,0.044,0.0,0.41025642851197286
0.043,0.044,0.0,0.41025632123880484
0.0435,0.044,0.0,0.41025621792198375
0.044,0.044,0.0,0.41025611841575893
0.0445,0.044,0.0,0.4102560225793697
0.045,0.044,0.0,0.41025593027762625
0.0455,0.044,0.0,0.4102558413799765
0.046,0.044,0.0,0.41025575576101736
0.0465,0.044,0.0,0.4102556732996449
0.047,0.044,0.0,0.4102555938795451
0.0475,0.044,0.0,0.41025551738839844
0.048,0.044,0.0,0.41025544371829537
0.0485,0.044,0.0,0.41025537276506524
0.049,0.044,0.0,0.41025530442862246
0.0495,0.044,0.0,0.4102552386123162
0.05,0.044,0.0,0.41025517522331784
0.0505,0.044,0.0,0.41025511417199195
0.051,0.044,0.0,0.4102550553722211
0.0515,0.044,0.0,0.4102549987408528
0.052,0.044,0.0,0.4102549441980177
0.0525,0.044,0.0,0.4102548916665903
0.053,0.044,0.0,0.4102548410724723
0.0535,0.044,0.0,0.4102547923441296
0.054,0.044,0.0,0.4102547454128411
0.0545,0.044,0.0,0.41025470021222876
0.055,0.044,0.0,0.4102546566785617
0.0555,0.044,0.0,0.41025461475027214
0.056,0.044,0.0,0.4102545743682323
0.0565,0.044,0.0,0.4102545354753534
0.057,0.044,0.0,0.4102544980167648
0.0575,0.044,0.0,0.4102544619395246
0.058,0.044,0.0,0.4102544271927296
0.0585,0.044,0.0,0.41025439372727374
0.059,0.044,0.0,0.4102543614959446
0.0595,0.044,0.0,0.41025433045318155
0.06,0.044,0.0,0.41025430055520745
0.0605,0.044,0.0,0.41025427175975143
0.061,0.044,0.0,0.4102542440262017
0.0615,0.044,0.0,0.41025421731534245
0.062,0.044,0.0,0.4102541915895131
0.0625,0.044,0.0,0.4102541668123384
0.063,0.044,0.0,0.41025414294888085
0.0635,0.044,0.0,0.4102541199653986
0.064,0.044,0.0,0.41025409782947686
0.0645,0.044,0.0,0.4102540765098273
0.065,0.044,0.0,0.4102540559763919
0.0655,0.044,0.0,0.4102540362001287
0.066,0.044,0.0,0.41025401715314974
0.0665,0.044,0.0,0.41025399880853497
0.067,0.044,0.0,0.4102539811404146
0.0675,0.044,0.0,0.4102539641237969
0.068,0.044,0.0,0.4102539477347058
0.0685,0.044,0.0,0.41025393194996035
0.069,0.044,0.0,0.4102539167473055
0.0695,0.044,0.0,0.4102539021052397
0.07,0.044,0.0,0.41025388800313217
0.0705,0.044,0.0,0.41025387442103645
0.071,0.044,0.0,0.41025386133979397
0.0715,0.044,0.0,0.41025384874092335
0.072,0.044,0.0,0.41025383660665526
0.0725,0.044,0.0,0.41025382491983536
0.073,0.044,0.0,0.41025381366397995
0.0735,0.044,0.0,0.41025380282318563
0.074,0.044,0.0,0.4102537923821573
0.0745,0.044,0.0,0.410253782326139
0.075,0.044,0.0,0.4102537726409484
0.0755,0.044,0.0,0.41025376331290087
0.076,0.044,0.0,0.41025375432882294
0.0765,0.044,0.0,0.4102537456760392
0.077,0.044,0.0,0.410253737342337
0.0775,0.044,0.0,0.41025372931593224
0.078,0.044,0.0,0.41025372158550405
0.0785,0.044,0.0,0.410253714140146
0.079,0.044,0.0,0.41025370696933205
0.0795,0.044,0.0,0.41025370006294376
0.08,0.044,0.0,0.410253693411229
0.0805,0.044,0.0,0.4102536870047952
0.081,0.044,0.0,0.410253680834609
0.0815,0.044,0.0,0.41025367489194126
0.082,0.044,0.0,0.41025366916841516
0.0825,0.044,0.0,0.41025366365594446
0.083,0.044,0.0,0.41025365834674676
0.0835,0.044,0.0,0.41025365323332313
0.084,0.044,0.0,0.41025364830846495
0.0845,0.044,0.0,0.4102536435652054
0.085,0.044,0.0,0.4102536389968542
0.0855,0.044,0.0,0.4102536345969561
0.086,0.044,0.0,0.41025363035931833
0.0865,0.044,0.0,0.41025362627793494
0.087,0.044,0.0,0.4102536223470555
0.0875,0.044,0.0,0.41025361856111636
0.088,0.044,0.0,0.41025361491479556
0.0885,0.044,0.0,0.41025361140293043
0.089,0.044,0.0,0.4102536080205653
0.0895,0.044,0.0,0.41025360476292444
0.09,0.044,0.0,0.4102536016254048
0.0905,0.044,0.0,0.4102535986035829
0.091,0.044,0.0,0.4102535956932015
0.0915,0.044,0.0,0.4102535928901274
0.092,0.044,0.0,0.4102535901904212
0.0925,0.044,0.0,0.4102535875902676
0.093,0.044,0.0,0.41025358508598975
0.0935,0.044,0.0,0.4102535826740629
0.094,0.044,0.0,0.41025358035107273
0.0945,0.044,0.0,0.41025357811373625
0.095,0.044,0.0,0.4102535759589088
0.0955,0.044,0.0,0.41025357388354244
0.096,0.044,0.0,0.4102535718846998
0.0965,0.044,0.0,0.41025356995956097
0.097,0.044,0.0,0.4102535681054166
0.0975,0.044,0.0,0.4102535663196473
0.098,0.044,0.0,0.41025356459972356
0.0985,0.044,0.0,0.4102535629432263
0.099,0.044,0.0,0.41025356134780555
0.0995,0.044,0.0,0.4102535598112221
0.1,0.044,1.0,0.4102535583312919
0.1005,0.044,1.0,0.410358843720516
0.101,0.044,1.0,0.41209598953503257
0.1015,0.044,1.0,0.4191234981071265
0.102,0.044,1.0,0.4369899693246696
0.1025,0.044,1.0,0.47665343159748136
0.103,0.044,1.0,0.5526427673330839
0.1035,0.044,1.0,0.6640701068343792
0.104,0.044,1.0,0.7961553380765799
0.1045,0.044,1.0,0.9398083583504411
0.105,0.044,1.0,1.091918599807756
0.1055,0.044,1.0,1.2509914893266803
0.106,0.044,1.0,1.4157469754640177
0.1065,0.044,1.0,1.5849563154422819
0.107,0.044,1.0,1.757450850311057
0.1075,0.044,1.0,1.9321908657911422
0.108,0.044,1.0,2.1082514742664706
0.1085,0.044,1.0,2.284852583650515
0.109,0.044,1.0,2.4613275306442097
0.1095,0.044,1.0,2.6371289141198786
0.11,0.044,1.0,2.8118022883149663
0.1105,0.044,1.0,2.984980719810819
0.111,0.044,1.0,3.1563677981205265
0.1115,0.044,1.0,3.325727858673847
0.112,0.044,1.0,3.4928768224162163
0.1125,0.044,1.0,3.6576714395000325
0.113,0.044,1.0,3.8200055302244285
0.1135,0.044,1.0,3.979799720074729
0.114,0.044,1.0,4.137001053391548
0.1145,0.044,1.0,4.291573771400526
0.115,0.044,1.0,4.443500874614979
0.1155,0.044,1.0,4.59277607203654
0.116,0.044,1.0,4.739406369666248
0.1165,0.044,1.0,4.8834051376053935
0.117,0.044,1.0,5.024795155501289
0.1175,0.044,1.0,5.163602676995615
0.118,0.044,1.0,5.29986059482652
0.1185,0.044,1.0,5.433603366620577
0.119,0.044,1.0,5.564870108649006
0.1195,0.044,1.0,5.693700253555273
0.12,0.044,1.0,5.8201364716571815
0.1205,0.044,1.0,5.944220905485007
0.121,0.044,1.0,6.065997802154164
0.1215,0.044,1.0,6.185507563858829
0.122,0.044,1.0,6.302791490971277
0.1225,0.044,1.0,6.417890116762756
0.123,0.044,1.0,6.530845331873092
0.1235,0.044,1.0,6.6416980702675765
0.124,0.044,1.0,6.750490128229424
0.1245,0.044,1.0,6.857262139691316
0.125,0.044,1.0,6.962055248518901
0.1255,0.044,1.0,7.0649093246936046
0.126,0.044,1.0,7.165864489713608
0.1265,0.044,1.0,7.264959541686812
0.127,0.044,1.0,7.362233342014992
0.1275,0.044,1.0,7.457723420985381
0.128,0.044,1.0,7.551467235956968
0.1285,0.044,1.0,7.643500933184608
0.129,0.044,1.0,7.733860488411236
0.1295,0.044,1.0,7.822580604235658
0.13,0.044,1.0,7.909695743944064
0.1305,0.044,1.0,7.995239146775207
0.131,0.044,1.0,8.079243765331404
0.1315,0.044,1.0,8.161741383670817
0.132,0.044,1.0,8.242763467925203
0.1325,0.044,1.0,8.322340374325302
0.133,0.044,1.0,8.400502121847666
0.1335,0.044,1.0,8.477277679117194
0.134,0.044,1.0,8.552695667079439
0.1345,0.044,1.0,8.626783715278407
0.135,0.044,1.0,8.699569101752203
0.1355,0.044,1.0,8.771078170496754
0.136,0.044,1.0,8.841336915032317
0.1365,0.044,1.0,8.910370449978217
0.137,0.044,1.0,8.978203544046048
0.1375,0.044,1.0,9.044860139596148
0.138,0.044,1.0,9.110363840187587
0.1385,0.044,1.0,9.17473747279172
0.139,0.044,1.0,9.238003534464685
0.1395,0.044,1.0,9.300183792580645
0.14,0.044,1.0,9.361299694689974
0.1405,0.044,1.0,9.421372002721656
0.141,0.044,1.0,9.480421169642046
0.1415,0.044,1.0,9.538467004080246
0.142,0.044,1.0,9.595529017005882
0.1425,0.044,1.0,9.65162611366412
0.143,0.044,1.0,9.706776913138844
0.1435,0.044,1.0,9.760999464857743
0.144,0.044,1.0,9.814311543597405
0.1445,0.044,1.0,9.866730388140757
0.145,0.044,1.0,9.918272974005856
0.1455,0.044,1.0,9.968955772118717
0.146,0.044,1.0,10.01879500130406
0.1465,0.044,1.0,10.067806405078791
0.147,0.044,1.0,10.116005485730309
0.1475,0.044,1.0,10.16340729754647
0.148,0.044,1.0,10.21002666411644
0.1485,0.044,1.0,10.255877986499192
0.149,0.044,1.0,10.30097544521279
0.1495,0.044,1.0,10.34533282200517
0.15,0.044,1.0,10.38896368784997
0.1505,0.044,1.0,10.431881237123436
0.151,0.044,1.0,10.474098462793535
0.1515,0.044,1.0,10.515628001931978
0.152,0.044,1.0,10.55648229916483
0.1525,0.044,1.0,10.596673462559211
0.153,0.044,1.0,10.636213416299801
0.1535,0.044,1.0,10.675113766085202
0.154,0.044,1.0,10.713385941902363
0.1545,0.044,1.0,10.751041072154203
0.155,0.044,1.0,10.788090117320387
0.1555,0.044,1.0,10.824543752113085
0.156,0.044,1.0,10.860412490739762
0.1565,0.044,1.0,10.895706576451397
0.157,0.044,1.0,10.930436099055854
0.1575,0.044,1.0,10.964610891283279
0.158,0.044,1.0,10.998240639140064
0.1585,0.044,1.0,11.031334784569028
0.159,0.044,1.0,11.063902629180875
0.1595,0.044,1.0,11.095953242734895
0.16,0.044,1.0,11.127495560736909
0.1605,0.044,1.0,11.158538298309134
0.161,0.044,1.0,11.189090042100968
0.1615,0.044,1.0,11.219159169154374
0.162,0.044,1.0,11.248753933535736
0.1625,0.044,1.0,11.277882389837607
0.163,0.044,1.0,11.306552474904796
0.1635,0.044,1.0,11.334771935644428
0.164,0.044,1.0,11.362548406188152
0.1645,0.044,1.0,11.389889339710106
0.165,0.044,1.0,11.416802081338671
0.1655,0.044,1.0,11.44329380370734
0.166,0.044,1.0,11.469371575904011
0.1665,0.044,1.0,11.49504230250175
0.167,0.044,1.0,11.520312788810706
0.1675,0.044,1.0,11.545189683156591
0.168,0.044,1.0,11.5696795386786
0.1685,0.044,1.0,11.593788758642559
0.169,0.044,1.0,11.617523655009107
0.1695,0.044,1.0,11.640890396584632
0.17,0.044,1.0,11.663895064567143
0.1705,0.044,1.0,11.686543603353506
0.171,0.044,1.0,11.708841873253995
0.1715,0.044,1.0,11.730795603788847
0.172,0.044,1.0,11.752410443748113
0.1725,0.044,1.0,11.773691916822402
0.173,0.044,1.0,11.794645469172096
0.1735,0.044,1.0,11.815276427248946
0.174,0.044,1.0,11.835590043026016
0.1745,0.044,1.0,11.855591453877715
0.175,0.044,1.0,11.875285725610889
0.1755,0.044,1.0,11.894677814280254
0.176,0.044,1.0,11.913772607151069
0.1765,0.044,1.0,11.932574886336036
0.177,0.044,1.0,11.951089367810345
0.1775,0.044,1.0,11.969320666764098
0.178,0.044,1.0,11.987273334782719
0.1785,0.044,1.0,12.004951826815853
0.179,0.044,1.0,12.022360536628085
0.1795,0.044,1.0,12.039503765292716
0.18,0.044,1.0,12.056385755010172
0.1805,0.044,1.0,12.07301065904121
0.181,0.044,1.0,12.08938257398456
0.1815,0.044,1.0,12.105505511068973
0.182,0.044,1.0,12.12138342697549
0.1825,0.044,1.0,12.137020196414284
0.183,0.044,1.0,12.152419641569962
0.1835,0.044,1.0,12.167585505894415
0.184,0.044,1.0,12.182521482249465
0.1845,0.044,1.0,12.197231187849983
0.185,0.044,1.0,12.211718191173514
0.1855,0.044,1.0,12.225985987993385
0.186,0.044,1.0,12.240038027119825
0.1865,0.044,1.0,12.253877687465557
0.187,0.044,1.0,12.26750830268035
0.1875,0.044,1.0,12.280933139195295
0.188,0.044,1.0,12.294155419807213
0.1885,0.044,1.0,12.307178302652229
0.189,0.044,1.0,12.320004903793704
0.1895,0.044,1.0,12.332638277077617
0.19,0.044,1.0,12.345081435774473
0.1905,0.044,1.0,12.35733733327227
0.191,0.044,1.0,12.369408883819759
0.1915,0.044,1.0,12.38129894401567
0.192,0.044,1.0,12.393010332697276
0.1925,0.044,1.0,12.404545813187017
0.193,0.044,1.0,12.415908112368383
0.1935,0.044,1.0,12.427099903653149
0.194,0.044,1.0,12.438123825283668
0.1945,0.044,1.0,12.448982463985994
0.195,0.044,1.0,12.459678372536246
0.1955,0.044,1.0,12.47021405406693
0.196,0.044,1.0,12.480591978931582
0.1965,0.044,1.0,12.490814569633901
0.197,0.044,1.0,12.5008842170243
0.1975,0.044,1.0,12.510803265822062
0.198,0.044,1.0,12.520574030174965
0.1985,0.044,1.0,12.530198779747296
0.199,0.044,1.0,12.539679754671887
0.1995,0.044,1.0,12.549019152178046
0.2,0.044,1.0,12.55821914096373
0.2005,0.044,1.0,12.567281848339082
0.201,0.044,1.0,12.576209374045003
0.2015,0.044,1.0,12.585003777888684
0.202,0.044,1.0,12.593667093033844
0.2025,0.044,1.0,12.60220131410657
0.203,0.044,1.0,12.610608409979964
0.2035,0.044,1.0,12.618890312330155
0.204,0.044,1.0,12.62704892793779
0.2045,0.044,1.0,12.63508612767383
0.205,0.044,1.0,12.643003758339432
0.2055,0.044,1.0,12.650803632062917
0.206,0.044,1.0,12.65848753769806
0.2065,0.044,1.0,12.666057230614268
0.207,0.044,1.0,12.67351444367259
0.2075,0.044,1.0,12.68086087739223
0.208,0.044,1.0,12.688098210522138
0.2085,0.044,1.0,12.695228090568074
0.209,0.044,1.0,12.702252143976704
0.2095,0.044,1.0,12.709171967008533
0.21,0.044,1.0,12.71598913555038
0.2105,0.044,1.0,12.722705196319568
0.211,0.044,1.0,12.72932167632083
0.2115,0.044,1.0,12.735840074367605
0.212,0.044,1.0,12.74226187019841
0.2125,0.044,1.0,12.748588516302005
0.213,0.044,1.0,12.754821446706933
0.2135,0.044,1.0,12.760962069098863
0.214,0.044,1.0,12.76701177329619
0.2145,0.044,1.0,12.772971923647633
0.215,0.044,1.0,12.778843867206861
0.2155,0.044,1.0,12.78462892639878
0.216,0.044,1.0,12.79032840690578
0.2165,0.044,1.0,12.795943590591458
0.217,0.044,1.0,12.80147574310999
0.2175,0.044,1.0,12.806926107077848
0.218,0.044,1.0,12.812295909416335
0.2185,0.044,1.0,12.817586354761982
0.219,0.044,1.0,12.822798632552693
0.2195,0.044,1.0,12.827933910667367
0.22,0.044,1.0,12.832993342266056
0.2205,0.044,1.0,12.837978059649384
0.221,0.044,1.0,12.842889180862663
0.2215,0.044,1.0,12.847727803766396
0.222,0.044,1.0,12.852495012413677
0.2225,0.044,1.0,12.857191871323506
0.223,0.044,1.0,12.861819431640114
0.2235,0.044,1.0,12.866378725601477
0.224,0.044,1.0,12.870870772488876
0.2245,0.044,1.0,12.875296573283347
0.225,0.044,1.0,12.879657116413073
0.2255,0.044,1.0,12.883953372591048
0.226,0.044,1.0,12.888186300367677
0.2265,0.044,1.0,12.892356841142856
0.227,0.044,1.0,12.89646592453127
0.2275,0.044,1.0,12.900514463542315
0.228,0.044,1.0,12.904503359765023
0.2285,0.044,1.0,12.90843349870947
0.229,0.044,1.0,12.912305754818362
0.2295,0.044,1.0,12.916120986963767
0.23,0.044,1.0,12.919880043291537
0.2305,0.044,1.0,12.92358375686815
0.231,0.044,1.0,12.927232950363821
0.2315,0.044,1.0,12.930828431843635
0.232,0.044,1.0,12.934370999296048
0.2325,0.044,1.0,12.937861436562603
0.233,0.044,1.0,12.94130051771695
0.2335,0.044,1.0,12.944689003128968
0.234,0.044,1.0,12.948027643699566
0.2345,0.044,1.0,12.951317177053873
0.235,0.044,1.0,12.95455833163718
0.2355,0.044,1.0,12.95775182303295
0.236,0.044,1.0,12.960898357924894
0.2365,0.044,1.0,12.963998630534533
0.237,0.044,1.0,12.96705332645484
0.2375,0.044,1.0,12.970063119203294
0.238,0.044,1.0,12.973028673931038
0.2385,0.044,1.0,12.975950644087957
0.239,0.044,1.0,12.978829675011122
0.2395,0.044,1.0,12.981666400698352
0.24,0.044,1.0,12.984461447280331
0.2405,0.044,1.0,12.987215429898365
0.241,0.044,1.0,12.989928956064533
0.2415,0.044,1.0,12.99260262264017
0.242,0.044,1.0,12.995237019087565
0.2425,0.044,1.0,12.997832724545964
0.243,0.044,1.0,13.000390310978581
0.2435,0.044,1.0,13.002910340342247
0.244,0.044,1.0,13.005393367634204
0.2445,0.044,1.0,13.007839938151749
0.245,0.044,1.0,13.010250590441732
0.2455,0.044,1.0,13.012625853647943
0.246,0.044,1.0,13.014966250366564
0.2465,0.044,1.0,13.017272294077564
0.247,0.044,1.0,13.019544491910068
0.2475,0.044,1.0,13.02178334215474
0.248,0.044,1.0,13.02398933694156
0.2485,0.044,1.0,13.026162959831556
0.249,0.044,1.0,13.028304688408971
0.2495,0.044,1.0,13.030414991949694
0.25,0.044,1.0,13.032494333931819
0.2505,0.044,1.0,13.034543169776907
0.251,0.044,1.0,13.036561949281852
0.2515,0.044,1.0,13.03855111443148
0.252,0.044,1.0,13.040511101753436
0.2525,0.044,1.0,13.04244234019996
0.253,0.044,1.0,13.044345253428725
0.2535,0.044,1.0,13.04622025775081
0.254,0.044,1.0,13.048067764340386
0.2545,0.044,1.0,13.049888177247114
0.255,0.044,1.0,13.051681895536094
0.2555,0.044,1.0,13.05344931136296
0.256,0.044,1.0,13.055190812046911
0.2565,0.044,1.0,13.056906778205612
0.257,0.044,1.0,13.058597585763957
0.2575,0.044,1.0,13.060263604146838
0.258,0.044,1.0,13.061905198225585
0.2585,0.044,1.0,13.063522726566852
0.259,0.044,1.0,13.065116543318549
0.2595,0.044,1.0,13.066686996513184
0.26,0.044,1.0,13.068234429895508
0.2605,0.044,1.0,13.06975918127794
0.261,0.044,1.0,13.071261584311928
0.2615,0.044,1.0,13.072741966894702
0.262,0.044,1.0,13.074200652885164
0.2625,0.044,1.0,13.075637960560073
0.263,0.044,1.0,13.077054204277443
0.2635,0.044,1.0,13.078449692979763
0.264,0.044,1.0,13.079824731806545
0.2645,0.044,1.0,13.081179620643391
0.265,0.044,1.0,13.082514655685207
0.2655,0.044,1.0,13.083830128029714
0.266,0.044,1.0,13.085126325192514
0.2665,0.044,1.0,13.086403529744143
0.267,0.044,1.0,13.08766202077861
0.2675,0.044,1.0,13.088902072591925
0.268,0.044,1.0,13.090123956105856
0.2685,0.044,1.0,13.091327937587208
0.269,0.044,1.0,13.092514280027586
0.2695,0.044,1.0,13.093683241902054
0.27,0.044,1.0,13.0948350785068
0.2705,0.044,1.0,13.095970040755642
0.271,0.044,1.0,13.09708837647691
0.2715,0.044,1.0,13.098190329246675
0.272,0.044,1.0,13.09927613964603
0.2725,0.044,1.0,13.100346044130069
0.273,0.044,1.0,13.101400276246673
0.2735,0.044,1.0,13.102439065540148
0.274,0.044,1.0,13.103462638732854
0.2745,0.044,1.0,13.104471218662018
0.275,0.044,1.0,13.105465025425751
0.2755,0.044,1.0,13.106444275352072
0.276,0.044,1.0,13.107409182110079
0.2765,0.044,1.0,13.108359955710382
0.277,0.044,1.0,13.109296803582401
0.2775,0.044,1.0,13.110219929605334
0.278,0.044,1.0,13.111129535152736
0.2785,0.044,1.0,13.112025818152754
0.279,0.044,1.0,13.112908974101332
0.2795,0.044,1.0,13.113779195150721
0.28,0.044,1.0,13.11463667109199
0.2805,0.044,1.0,13.115481588471207
0.281,0.044,1.0,13.116314131542405
0.2815,0.044,1.0,13.117134481410336
0.282,0.044,1.0,13.117942816954455
0.2825,0.044,1.0,13.118739313997988
0.283,0.044,1.0,13.119524146203881
0.2835,0.044,1.0,13.120297484268784
0.284,0.044,1.0,13.121059496792194
0.2845,0.044,1.0,13.121810349494575
0.285,0.044,1.0,13.122550206060627
0.2855,0.044,1.0,13.12327922738076
0.286,0.044,1.0,13.123997572368792
0.2865,0.044,1.0,13.124705397226542
0.287,0.044,1.0,13.125402856237118
0.2875,0.044,1.0,13.126090101051119
0.288,0.044,1.0,13.126767281456475
0.2885,0.044,1.0,13.127434544686011
0.289,0.044,1.0,13.128092036164086
0.2895,0.044,1.0,13.128739898835157
0.29,0.044,1.0,13.129378273887838
0.2905,0.044,1.0,13.130007300103648
0.291,0.044,1.0,13.130627114559408
0.2915,0.044,1.0,13.131237851995722
0.292,0.044,1.0,13.131839645497934
0.2925,0.044,1.0,13.132432625883542
0.293,0.044,1.0,13.133016922363389
0.2935,0.044,1.0,13.133592661946928
0.294,0.044,1.0,13.1341599700834
0.2945,0.044,1.0,13.134718970085533
0.295,0.044,1.0,13.135269783751086
0.2955,0.044,1.0,13.135812530804078
0.296,0.044,1.0,13.136347329497475
0.2965,0.044,1.0,13.136874296071337
0.297,0.044,1.0,13.137393545337531
0.2975,0.044,1.0,13.137905190153832
0.298,0.044,1.0,13.138409341991583
0.2985,0.044,1.0,13.138906110424962
0.299,0.044,1.0,13.139395603682269
0.2995,0.044,1.0,13.139894248514132
0.3,0.044,1.0,13.140323446384278
0.3005,0.0439899999999999,1.0,13.029168118822723
0.301,0.04398,1.0,12.92010806531652
0.3015,0.0439699999999999,1.0,12.813151962113428
0.302,0.04396,1.0,12.708270043768824
0.3025,0.0439499999999999,1.0,12.605432600364752
0.303,0.04394,1.0,12.504610020727274
0.3035,0.04393,1.0,12.405772769641892
0.304,0.04392,1.0,12.308891429327113
0.3045,0.04391,1.0,12.213936677747533
0.305,0.0438999999999999,1.0,12.120879328060996
0.3055,0.04389,1.0,12.029690308414233
0.306,0.0438799999999999,1.0,11.940340699227912
0.3065,0.04387,1.0,11.852801714510859
0.307,0.0438599999999999,1.0,11.767044736872458
0.3075,0.04385,1.0,11.683041300370006
0.308,0.04384,1.0,11.600763123158428
0.3085,0.0438299999999999,1.0,11.520182091877066
0.309,0.04382,1.0,11.441270291874222
0.3095,0.0438099999999999,1.0,11.364005074867626
0.31,0.0438,1.0,11.288325968540908
0.3105,0.0438,1.0,11.317693255820906
0.311,0.0438,1.0,11.346610377974763
0.3115,0.0438,1.0,11.375057284885996
0.312,0.0438,1.0,11.40304228949568
0.3125,0.0438,1.0,11.430573526454811
0.313,0.0438,1.0,11.45765897488783
0.3135,0.0438,1.0,11.48430644304182
0.314,0.0438,1.0,11.510523592250522
0.3145,0.0438,1.0,11.536317921318002
0.315,0.0438,1.0,11.56169678908361
0.3155,0.0438,1.0,11.586667399698552
0.316,0.0438,1.0,11.611236823892643
0.3165,0.0438,1.0,11.635411985080513
0.317,0.0438,1.0,11.659199679421747
0.3175,0.0438,1.0,11.682606562699293
0.318,0.0438,1.0,11.70563916925722
0.3185,0.0438,1.0,11.728303899597721
0.319,0.0438,1.0,11.750607038274039
0.3195,0.0438,1.0,11.772554742157645
0.32,0.0438,1.0,11.79415305735685
0.3205,0.0438,1.0,11.815407908109458
0.321,0.0438,1.0,11.836325112792377
0.3215,0.0438,1.0,11.856910373398566
0.322,0.0438,1.0,11.877169290697573
0.3225,0.0438,1.0,11.89710735425898
0.323,0.0438,1.0,11.916729956818699
0.3235,0.0438,1.0,11.936042384814499
0.324,0.0438,1.0,11.955049832009218
0.3245,0.0438,1.0,11.97375739050526
0.325,0.0438,1.0,11.992170063672123
0.3255,0.0438,1.0,12.010292757610452
0.326,0.0438,1.0,12.028130293427225
0.3265,0.0438,1.0,12.045687399121364
0.327,0.0438,1.0,12.062968721247179
0.3275,0.0438,1.0,12.079978817196132
0.328,0.0438,1.0,12.096722166285172
0.3285,0.0438,1.0,12.113203162411702
0.329,0.0438,1.0,12.129426124601387
0.3295,0.0438,1.0,12.14539529001349
0.33,0.0438,1.0,12.161114823980732
0.3305,0.0438,1.0,12.176588813344981
0.331,0.0438,1.0,12.191821276018592
0.3315,0.0438,1.0,12.206816154631253
0.332,0.0438,1.0,12.22157732564072
0.3325,0.0438,1.0,12.23610859327305
0.333,0.0438,1.0,12.25041369820897
0.3335,0.0438,1.0,12.264496311800587
0.334,0.0438,1.0,12.278360044356987
0.3345,0.0438,1.0,12.292008439623006
0.335,0.0438,1.0,12.305444982686225
0.3355,0.0438,1.0,12.31867309470287
0.336,0.0438,1.0,12.33169614044745
0.3365,0.0438,1.0,12.344517423272693
0.337,0.0438,1.0,12.357140192321037
0.3375,0.0438,1.0,12.369567637706075
0.338,0.0438,1.0,12.381802897404237
0.3385,0.0438,1.0,12.393849052645896
0.339,0.0438,1.0,12.405709134504598
0.3395,0.0438,1.0,12.417386119486531
0.34,0.0438,1.0,12.428882935833261
0.3405,0.0438,1.0,12.440202459299869
0.341,0.0438,1.0,12.451347519185296
0.3415,0.0438,1.0,12.46232089428998
0.342,0.0438,1.0,12.4731253186882
0.3425,0.0438,1.0,12.48376347785524
0.343,0.0438,1.0,12.494238014195652
0.3435,0.0438,1.0,12.504551523331287
0.344,0.0438,1.0,12.51470655939762
0.3445,0.0438,1.0,12.524705631484828
0.345,0.0438,1.0,12.534551208713715
0.3455,0.0438,1.0,12.5442457168225
0.346,0.0438,1.0,12.553791543032963
0.3465,0.0438,1.0,12.563191032776135
0.347,0.0438,1.0,12.57244649435896
0.3475,0.0438,1.0,12.581560195821723
0.348,0.0438,1.0,12.590534369415579
0.3485,0.0438,1.0,12.599371208585215
0.349,0.0438,1.0,12.608072872265907
0.3495,0.0438,1.0,12.616641481986093
0.35,0.0438,1.0,12.625079125992528
0.3505,0.0438,1.0,12.633387856466669
0.351,0.0438,1.0,12.641569693486312
0.3515,0.0438,1.0,12.649626622350734
0.352,0.0438,1.0,12.657560597386123
0.3525,0.0438,1.0,12.665373539374755
0.353,0.0438,1.0,12.673067339211222
0.3535,0.0438,1.0,12.680643855430876
0.354,0.0438,1.0,12.68810491772417
0.3545,0.0438,1.0,12.695452324559346
0.355,0.0438,1.0,12.702687846561368
0.3555,0.0438,1.0,12.709813224225263
0.356,0.0438,1.0,12.71683017116505
0.3565,0.0438,1.0,12.723740371913834
0.357,0.0438,1.0,12.73054548504909
0.3575,0.0438,1.0,12.737247141075029
0.358,0.0438,1.0,12.743846945429961
0.3585,0.0438,1.0,12.750346476447517
0.359,0.0438,1.0,12.756747288251093
0.3595,0.0438,1.0,12.763050908790625
0.36,0.0438,1.0,12.769258842628604
0.3605,0.0438,1.0,12.775372569049706
0.361,0.0438,1.0,12.78139354474345
0.3615,0.0438,1.0,12.787323201982474
0.362,0.0438,1.0,12.793162951206442
0.3625,0.0438,1.0,12.798914179267022
0.363,0.0438,1.0,12.804578251916679
0.3635,0.0438,1.0,12.810156512117404
0.364,0.0438,1.0,12.815650282438426
0.3645,0.0438,1.0,12.821060863426187
0.365,0.0438,1.0,12.826389535914936
0.3655,0.0438,1.0,12.831637559455139
0.366,0.0438,1.0,12.836806174540659
0.3665,0.0438,1.0,12.841896601093348
0.367,0.0438,1.0,12.846910040609934
0.3675,0.0438,1.0,12.85184767470086
0.368,0.0438,1.0,12.856710667160257
0.3685,0.0438,1.0,12.86150016255622
0.369,0.0438,1.0,12.866217288227446
0.3695,0.0438,1.0,12.870863152923084
0.37,0.0438,1.0,12.87543884872844
0.3705,0.0438,1.0,12.87994544975273
0.371,0.0438,1.0,12.884384013987122
0.3715,0.0438,1.0,12.888755582037676
0.372,0.0438,1.0,12.893061178918673
0.3725,0.0438,1.0,12.89730181282952
0.373,0.0438,1.0,12.901478476885167
0.3735,0.0438,1.0,12.905592147935678
0.374,0.0438,1.0,12.909643788236409
0.3745,0.0438,1.0,12.913634344307964
0.375,0.0438,1.0,12.917564748548859
0.3755,0.0438,1.0,12.921435918134467
0.376,0.0438,1.0,12.925248756573998
0.3765,0.0438,1.0,12.929004152647305
0.377,0.0438,1.0,12.93270298190833
0.3775,0.0438,1.0,12.936346105657776
0.378,0.0438,1.0,12.939934372395559
0.3785,0.0438,1.0,12.943468616828213
0.379,0.0438,1.0,12.946949661271667
0.3795,0.0438,1.0,12.950378314692442
0.38,0.0438,1.0,12.95375537406269
0.3805,0.0438,1.0,12.957081623433618
0.381,0.0438,1.0,12.960357835244983
0.3815,0.0438,1.0,12.963584769429078
0.382,0.0438,1.0,12.96676317467666
0.3825,0.0438,1.0,12.969893787570765
0.383,0.0438,1.0,12.972977333809862
0.3835,0.0438,1.0,12.976014527370644
0.384,0.0438,1.0,12.979006071690586
0.3845,0.0438,1.0,12.98195265885814
0.385,0.0438,1.0,12.984854970755949
0.3855,0.0438,1.0,12.987713678278103
0.386,0.0438,1.0,12.990529442434998
0.3865,0.0438,1.0,12.99330291359678
0.387,0.0438,1.0,12.996034732561325
0.3875,0.0438,1.0,12.998725529822623
0.388,0.0438,1.0,13.00137592660368
0.3885,0.0438,1.0,13.00398653414869
0.389,0.0438,1.0,13.006557954722043
0.3895,0.0438,1.0,13.009090780923717
0.39,0.0438,1.0,13.011585596655225
0.3905,0.0438,1.0,13.014042976457011
0.391,0.0438,1.0,13.016463486443206
0.3915,0.0438,1.0,13.0188476836613
0.392,0.0438,1.0,13.021196116995839
0.3925,0.0438,1.0,13.023509326548828
0.393,0.0438,1.0,13.025787844514197
0.3935,0.0438,1.0,13.028032194577724
0.394,0.0438,1.0,13.030242892763608
0.3945,0.0438,1.0,13.032420446853585
0.395,0.0438,1.0,13.034565357205876
0.3955,0.0438,1.0,13.036678116193434
0.396,0.0438,1.0,13.038759208996247
0.3965,0.0438,1.0,13.040809113057367
0.397,0.0438,1.0,13.042828298850058
0.3975,0.0438,1.0,13.044817229351203
0.398,0.0438,1.0,13.04677636078371
0.3985,0.0438,1.0,13.048706142106687
0.399,0.0438,1.0,13.050607015734178
0.3995,0.0438,1.0,13.05247941705128
0.4,0.0438,0.0,13.054323775035423
0.4005,0.0438,0.0,13.056098430196526
0.401,0.0438,0.0,13.057759218193441
0.4015,0.0438,0.0,13.059302597302741
0.402,0.0438,0.0,13.060724787600785
0.4025,0.0438,0.0,13.062021717466452
0.403,0.0438,0.0,13.06318905218544
0.4035,0.0438,0.0,13.064222133172482
0.404,0.0438,0.0,13.06511600981816
0.4045,0.0438,0.0,13.065865372076084
0.405,0.0438,0.0,13.066464585950127
0.4055,0.0438,0.0,13.06690761879927
0.406,0.0438,0.0,13.067188078907353
0.4065,0.0438,0.0,13.06730041970206
0.407,0.0438,0.0,13.067271659179086
0.4075,0.0438,0.0,13.067144895318876
0.408,0.0438,0.0,13.066920225019127
0.4085,0.0438,0.0,13.06659129543984
0.409,0.0438,0.0,13.066152016536213
0.4095,0.0438,0.0,13.065595847127401
0.41,0.0438,0.0,13.064915829085061
0.4105,0.0438,0.0,13.064104480936363
0.411,0.0438,0.0,13.063153839567075
0.4115,0.0438,0.0,13.062055335155925
0.412,0.0438,0.0,13.060799838628137
0.4125,0.0438,0.0,13.05937751513187
0.413,0.0438,0.0,13.057777878084158
0.4135,0.0438,0.0,13.05598961673011
0.414,0.0438,0.0,13.054000657751674
0.4145,0.0438,0.0,13.051797961310305
0.415,0.0438,0.0,13.049367591336207
0.4155,0.0438,0.0,13.046694472964594
0.416,0.0438,0.0,13.043762472787488
0.4165,0.0438,0.0,13.04055410862755
0.417,0.0438,0.0,13.037050641214359
0.4175,0.0438,0.0,13.033231724619618
0.418,0.0438,0.0,13.029075511008726
0.4185,0.0438,0.0,13.024558226535339
0.419,0.0438,0.0,13.019654291003743
0.4195,0.0438,0.0,13.014335799224996
0.42,0.0438,0.0,13.008572657579327
0.4205,0.0438,0.0,13.00233194423876
0.421,0.0438,0.0,12.99557806468872
0.4215,0.0438,0.0,12.988271955066393
0.422,0.0438,0.0,12.980371258637604
0.4225,0.0438,0.0,12.97182932358502
0.423,0.0438,0.0,12.962595402030017
0.4235,0.0438,0.0,12.952613375281413
0.424,0.0438,0.0,12.94182197608608
0.4245,0.0438,0.0,12.93015314797691
0.425,0.0438,0.0,12.917532289624244
0.4255,0.0438,0.0,12.903876116654851
0.426,0.0438,0.0,12.88909292372666
0.4265,0.0438,0.0,12.87307976128888
0.427,0.0438,0.0,12.855722705614864
0.4275,0.0438,0.0,12.836893081201142
0.428,0.0438,0.0,12.816447720923408
0.4285,0.0438,0.0,12.794223846261458
0.429,0.0438,0.0,12.770039289856303
0.4295,0.0438,0.0,12.743685479247995
0.43,0.0438,0.0,12.714927589055197
0.4305,0.0438,0.0,12.683494858579072
0.431,0.0438,0.0,12.649080666685434
0.4315,0.0438,0.0,12.611329196731667
0.432,0.0438,0.0,12.569835570220848
0.4325,0.0438,0.0,12.524127865165758
0.433,0.0438,0.0,12.473667964174119
0.4335,0.0438,0.0,12.41782882669639
0.434,0.0438,0.0,12.355898309333677
0.4345,0.0438,0.0,12.287055268563412
0.435,0.0438,0.0,12.210382867921675
0.4355,0.0438,0.0,12.12485732912204
0.436,0.0438,0.0,12.029385854577312
0.4365,0.0438,0.0,11.922841153086047
0.437,0.0438,0.0,11.804145798934414
0.4375,0.0438,0.0,11.672391701142384
0.438,0.0438,0.0,11.526960156127588
0.4385,0.0438,0.0,11.367693539006103
0.439,0.0438,0.0,11.194936338282604
0.4395,0.0438,0.0,11.009597417295096
0.44,0.0438,0.0,10.812999553734388
0.4405,0.0438,0.0,10.606763123408554
0.441,0.0438,0.0,10.392589366588238
0.4415,0.0438,0.0,10.172122076998726
0.442,0.0438,0.0,9.946846281127227
0.4425,0.0438,0.0,9.718035782203772
0.443,0.0438,0.0,9.486764319317208
0.4435,0.0438,0.0,9.253913236740955
0.444,0.0438,0.0,9.020216397862914
0.4445,0.0438,0.0,8.786281438632583
0.445,0.0438,0.0,8.552627278493356
0.4455,0.0438,0.0,8.319700396253074
0.446,0.0438,0.0,8.087896861007547
0.4465,0.0438,0.0,7.857571558235862
0.447,0.0438,0.0,7.62904908413771
0.4475,0.0438,0.0,7.402628187386917
0.448,0.0438,0.0,7.1785865781390035
0.4485,0.0438,0.0,6.957182839226252
0.449,0.0438,0.0,6.738658392131921
0.4495,0.0438,0.0,6.523238257531481
0.45,0.0438,0.0,6.311131846712797
0.4505,0.0438,0.0,6.102533259477199
0.451,0.0438,0.0,5.897621644606739
0.4515,0.0438,0.0,5.6965613215020285
0.452,0.0438,0.0,5.499501994661165
0.4525,0.0438,0.0,5.3065787815944
0.453,0.0438,0.0,5.11791236618395
0.4535,0.0438,0.0,4.933608923468391
0.454,0.0438,0.0,4.753760230563919
0.4545,0.0438,0.0,4.578443258730702
0.455,0.0438,0.0,4.407734390845591
0.4555,0.0438,0.0,4.241771942898042
0.456,0.0438,0.0,4.080663831717768
0.4565,0.0438,0.0,3.924468348338411
0.457,0.0438,0.0,3.7732087532071885
0.4575,0.0438,0.0,3.626880161389771
0.458,0.0438,0.0,3.4854564840084703
0.4585,0.0438,0.0,3.3488926548530467
0.459,0.0438,0.0,3.2171281137375187
0.4595,0.0438,0.0,3.0900879859737675
0.46,0.0438,0.0,2.967685818403516
0.4605,0.0438,0.0,2.849824747380246
0.461,0.0438,0.0,2.7364001310061306
0.4615,0.0438,0.0,2.6273008962915543
0.462,0.0438,0.0,2.522411949537089
0.4625,0.0438,0.0,2.421615517228659
0.463,0.0438,0.0,2.324793019429152
0.4635,0.0438,0.0,2.23182614008494
0.464,0.0438,0.0,2.142597965675869
0.4645,0.0438,0.0,2.05699362905709
0.465,0.0438,0.0,1.9749007500114104
0.4655,0.0438,0.0,1.896209664074708
0.466,0.0438,0.0,1.8208133835330669
0.4665,0.0438,0.0,1.7486075394500555
0.467,0.0438,0.0,1.6794901324197904
0.4675,0.0438,0.0,1.6133613428832658
0.468,0.0438,0.0,1.550123282300906
0.4685,0.0438,0.0,1.4896797886915536
0.469,0.0438,0.0,1.43193628863468
0.4695,0.0438,0.0,1.3767996372775093
0.47,0.0438,0.0,1.3241781155495256
0.4705,0.0438,0.0,1.2739813280115526
0.471,0.0438,0.0,1.226120309754627
0.4715,0.0438,0.0,1.1805074708094567
0.472,0.0438,0.0,1.137056769804879
0.4725,0.0438,0.0,1.0956836861149133
0.473,0.0438,0.0,1.0563054196058312
0.4735,0.0438,0.0,1.018840873586783
0.474,0.0438,0.0,0.9832108502767092
0.4745,0.0438,0.0,0.9493380328820897
0.475,0.0438,0.0,0.9171471577321239
0.4755,0.0438,0.0,0.8865649891067209
0.476,0.0438,0.0,0.8575204582498336
0.4765,0.0438,0.0,0.8299446286343477
0.477,0.0438,0.0,0.8037707985552982
0.4775,0.0438,0.0,0.7789344571638152
0.478,0.0438,0.0,0.7553733514009798
0.4785,0.0438,0.0,0.7330274346137031
0.479,0.0438,0.0,0.7118389008513465
0.4795,0.0438,0.0,0.6917521285348432
0.48,0.0438,0.0,0.6727136862011923
0.4805,0.0438,0.0,0.6546722738299345
0.481,0.0438,0.0,0.6375787044434951
0.4815,0.0438,0.0,0.6213858455191604
0.482,0.0438,0.0,0.6060485807512306
0.4825,0.0438,0.0,0.5915237536375303
0.483,0.0438,0.0,0.5777701133839642
0.4835,0.0438,0.0,0.5647482623452189
0.484,0.0438,0.0,0.5524205896263017
0.4845,0.0438,0.0,0.5407512236346004
0.485,0.0438,0.0,0.5297059564771969
0.4855,0.0438,0.0,0.519252202479077
0.486,0.0438,0.0,0.5093589160291527
0.4865,0.0438,0.0,0.49999655655651254
0.487,0.0438,0.0,0.49113700206153077
0.4875,0.0438,0.0,0.48275352072807853
0.488,0.0438,0.0,0.4748206819982413
0.4885,0.0438,0.0,0.4673143347367608
0.489,0.0438,0.0,0.46021151737181726
0.4895,0.0438,0.0,0.4534904423176043
0.49,0.0438,0.0,0.4471304064091779
0.4905,0.0438,0.0,0.44111178112761096
0.491,0.0438,0.0,0.43541592430204584
0.4915,0.0438,0.0,0.43002517556440073
0.492,0.0438,0.0,0.42492277007482765
0.4925,0.0438,0.0,0.420092838554766
0.493,0.0438,0.0,0.4155203236106869
0.4935,0.0438,0.0,0.4111909836505023
0.494,0.0438,0.0,0.4070913122323483
0.4945,0.0438,0.0,0.4032085451561844
0.495,0.0438,0.0,0.39953058314730916
0.4955,0.0438,0.0,0.3960460014280072
0.496,0.0438,0.0,0.392743975956321
0.4965,0.0438,0.0,0.3896142948192714
0.497,0.0438,0.0,0.38664728818147426
0.4975,0.0438,0.0,0.3838338408978023
0.498,0.0438,0.0,0.38116532627903427
0.4985,0.0438,0.0,0.3786336193935561
0.499,0.0438,0.0,0.37623103472222186
0.4995,0.0438,0.0,0.3739503397008621
0.5,0.0438,0.0,0.3717846963081229
0.5005000000000001,0.0438,0.0,0.36972767448717897
0.501,0.0438,0.0,0.3677731976834819
0.5015000000000001,0.0438,0.0,0.3659155558698342
0.502,0.0438,0.0,0.36414935502225737
0.5025000000000001,0.0438,0.0,0.3624695295519085
0.503,0.0438,0.0,0.3608712956755583
0.5035000000000001,0.0438,0.0,0.359350163127121
0.504,0.0438,0.0,0.3579018923446003
0.5045000000000001,0.0438,0.0,0.35652250539143304
0.505,0.0438,0.0,0.35520824684612956
0.5055000000000001,0.0438,0.0,0.35395559390800074
0.506,0.0438,0.0,0.35276122084192363
0.5065000000000001,0.0438,0.0,0.3516220082754969
0.507,0.0438,0.0,0.35053501102144013
0.5075000000000001,0.0438,0.0,0.34949746659512826
0.508,0.0438,0.0,0.3485067662134215
0.5085000000000001,0.0438,0.0,0.34756046257504736
0.509,0.0438,0.0,0.34665624381751553
0.5095000000000001,0.0438,0.0,0.3457919403638545
