time [s],Lmtc [m],STIM [ ],Fsee [N]
0.0,0.0450478080100348,0.0,0.2620638625299585
0.0005,0.0450478080100348,0.0,0.2620635892232543
0.001,0.0450478080100348,0.0,0.2620633211635623
0.0015,0.0450478080100348,0.0,0.2620630582499799
0.002,0.0450478080100348,0.0,0.262062800383687
0.0025,0.0450478080100348,0.0,0.2620625474676369
0.003,0.0450478080100348,0.0,0.2620622994067679
0.0035,0.0450478080100348,0.0,0.26206205610774835
0.004,0.0450478080100348,0.0,0.26206181747912305
0.0045,0.0450478080100348,0.0,0.26206158343112884
0.005,0.0450478080100348,0.0,0.26206135387580315
0.0055,0.0450478080100348,0.0,0.2620611287267886
0.006,0.0450478080100348,0.0,0.262060907899485
0.0065,0.0450478080100348,0.0,0.26206069131082693
0.007,0.0450478080100348,0.0,0.26206047887943557
0.0075,0.0450478080100348,0.0,0.2620602705254072
0.008,0.0450478080100348,0.0,0.26206006617047584
0.0085,0.0450478080100348,0.0,0.26205986573777484
0.009,0.0450478080100348,0.0,0.262059669152021
0.0095,0.0450478080100348,0.0,0.2620594763392759
0.01,0.0450478080100348,0.0,0.26205928722711985
0.0105,0.0450478080100348,0.0,0.2620591017444401
0.011,0.0450478080100348,0.0,0.26205891982157153
0.0115,0.0450478080100348,0.0,0.2620587413901184
0.012,0.0450478080100348,0.0,0.26205856638305147
0.0125,0.0450478080100348,0.0,0.2620583947345886
0.013,0.0450478080100348,0.0,0.2620582263802657
0.0135,0.0450478080100348,0.0,0.2620580612567845
0.014,0.0450478080100348,0.0,0.2620578993021481
0.0145,0.0450478080100348,0.0,0.26205774045547164
0.015,0.0450478080100348,0.0,0.2620575846571119
0.0155,0.0450478080100348,0.0,0.26205743184851016
0.016,0.0450478080100348,0.0,0.2620572819722793
0.0165,0.0450478080100348,0.0,0.26205713497210026
0.017,0.0450478080100348,0.0,0.26205699079278216
0.0175,0.0450478080100348,0.0,0.2620568493801264
0.018,0.0450478080100348,0.0,0.26205671068106234
0.0185,0.0450478080100348,0.0,0.26205657464344667
0.019,0.0450478080100348,0.0,0.26205644121622057
0.0195,0.0450478080100348,0.0,0.2620563103492364
0.02,0.0450478080100348,0.0,0.26205618199338754
0.0205,0.0450478080100348,0.0,0.262056056100419
0.021,0.0450478080100348,0.0,0.2620559326230949
0.0215,0.0450478080100348,0.0,0.26205581151501484
0.022,0.0450478080100348,0.0,0.2620556927307109
0.0225,0.0450478080100348,0.0,0.2620555762255667
0.023,0.0450478080100348,0.0,0.26205546195585505
0.0235,0.0450478080100348,0.0,0.2620553498786298
0.024,0.0450478080100348,0.0,0.26205523995183927
0.0245,0.0450478080100348,0.0,0.26205513213418047
0.025,0.0450478080100348,0.0,0.2620550263852015
0.0255,0.0450478080100348,0.0,0.2620549226651664
0.026,0.0450478080100348,0.0,0.26205482093515803
0.0265,0.0450478080100348,0.0,0.26205472115695333
0.027,0.0450478080100348,0.0,0.2620546232931155
0.0275,0.0450478080100348,0.0,0.2620545273068803
0.028,0.0450478080100348,0.0,0.2620544331622315
0.0285,0.0450478080100348,0.0,0.26205434082380935
0.029,0.0450478080100348,0.0,0.26205425025696977
0.0295,0.0450478080100348,0.0,0.26205416142768134
0.03,0.0450478080100348,0.0,0.2620540743026286
0.0305,0.0450478080100348,0.0,0.2620539888490762
0.031,0.0450478080100348,0.0,0.26205390503498294
0.0315,0.0450478080100348,0.0,0.26205382282884443
0.032,0.0450478080100348,0.0,0.26205374219983946
0.0325,0.0450478080100348,0.0,0.26205366311766753
0.033,0.0450478080100348,0.0,0.2620535855526788
0.0335,0.0450478080100348,0.0,0.2620535094757277
0.034,0.0450478080100348,0.0,0.26205343485828686
0.0345,0.0450478080100348,0.0,0.2620533616723169
0.035,0.0450478080100348,0.0,0.26205328989038584
0.0355,0.0450478080100348,0.0,0.2620532194855226
0.036,0.0450478080100348,0.0,0.2620531504313201
0.0365,0.0450478080100348,0.0,0.26205308270183736
0.037,0.0450478080100348,0.0,0.2620530162716922
0.0375,0.0450478080100348,0.0,0.2620529511159144
0.038,0.0450478080100348,0.0,0.26205288721007614
0.0385,0.0450478080100348,0.0,0.26205282453017237
0.039,0.0450478080100348,0.0,0.26205276305270786
0.0395,0.0450478080100348,0.0,0.2620527027545887
0.04,0.0450478080100348,0.0,0.26205264361318714
0.0405,0.0450478080100348,0.0,0.26205258560630945
0.041,0.0450478080100348,0.0,0.262052528712201
0.0415,0.0450478080100348,0.0,0.26205247290949757
0.042,0.0450478080100348,0.0,0.26205241817726327
0.0425,0.0450478080100348,0.0,0.26205236449495284
0.043,0.0450478080100348,0.0,0.26205231184243294
0.0435,0.0450478080100348,0.0,0.26205226019992817
0.044,0.0450478080100348,0.0,0.2620522095480807
0.0445,0.0450478080100348,0.0,0.2620521598678688
0.045,0.0450478080100348,0.0,0.2620521111406612
0.0455,0.0450478080100348,0.0,0.26205206334816283
0.046,0.0450478080100348,0.0,0.26205201647244747
0.0465,0.0450478080100348,0.0,0.262051970495914
0.047,0.0450478080100348,0.0,0.2620519254013357
0.0475,0.0450478080100348,0.0,0.2620518811717676
0.048,0.0450478080100348,0.0,0.26205183779062813
0.0485,0.0450478080100348,0.0,0.2620517952416286
0.049,0.0450478080100348,0.0,0.26205175350882187
0.0495,0.0450478080100348,0.0,0.262051712576521
0.05,0.0450478080100348,0.0,0.2620516724294025
0.0505,0.0450478080100348,0.0,0.2620516330523814
0.051,0.0450478080100348,0.0,0.26205159443068177
0.0515,0.0450478080100348,0.0,0.2620515565498206
0.052,0.0450478080100348,0.0,0.26205151939559124
0.0525,0.0450478080100348,0.0,0.26205148295404207
0.053,0.0450478080100348,0.0,0.26205144721150336
0.0535,0.0450478080100348,0.0,0.2620514121545657
0.054,0.0450478080100348,0.0,0.26205137777008525
0.0545,0.0450478080100348,0.0,0.26205134404514613
0.055,0.0450478080100348,0.0,0.2620513109671088
0.0555,0.0450478080100348,0.0,0.2620512785235507
0.056,0.0450478080100348,0.0,0.26205124670232044
0.0565,0.0450478080100348,0.0,0.26205121549145627
0.057,0.0450478080100348,0.0,0.26205118487926776
0.0575,0.0450478080100348,0.0,0.2620511548542486
0.058,0.0450478080100348,0.0,0.2620511254051639
0.0585,0.0450478080100348,0.0,0.26205109652093567
0.059,0.0450478080100348,0.0,0.2620510681907519
0.0595,0.0450478080100348,0.0,0.2620510404039686
0.06,0.0450478080100348,0.0,0.2620510131501694
0.0605,0.0450478080100348,0.0,0.26205098641912783
0.061,0.0450478080100348,0.0,0.26205096020081803
0.0615,0.0450478080100348,0.0,0.2620509344854039
0.062,0.0450478080100348,0.0,0.2620509092632338
0.0625,0.0450478080100348,0.0,0.26205088452485115
0.063,0.0450478080100348,0.0,0.26205086026097285
0.0635,0.0450478080100348,0.0,0.2620508364624896
0.064,0.0450478080100348,0.0,0.2620508131204978
0.0645,0.0450478080100348,0.0,0.2620507902262134
0.065,0.0450478080100348,0.0,0.26205076777106373
0.0655,0.0450478080100348,0.0,0.262050745746617
0.066,0.0450478080100348,0.0,0.26205072414462605
0.0665,0.0450478080100348,0.0,0.2620507029569627
0.067,0.0450478080100348,0.0,0.26205068217570493
0.0675,0.0450478080100348,0.0,0.2620506617930393
0.068,0.0450478080100348,0.0,0.26205064180132576
0.0685,0.0450478080100348,0.0,0.2620506221930707
0.069,0.0450478080100348,0.0,0.26205060296091054
0.0695,0.0450478080100348,0.0,0.26205058409763365
0.07,0.0450478080100348,0.0,0.2620505655961586
0.0705,0.0450478080100348,0.0,0.2620505474495555
0.071,0.0450478080100348,0.0,0.26205052965101416
0.0715,0.0450478080100348,0.0,0.2620505121938542
0.072,0.0450478080100348,0.0,0.26205049507153627
0.0725,0.0450478080100348,0.0,0.26205047827762423
0.073,0.0450478080100348,0.0,0.26205046180582814
0.0735,0.0450478080100348,0.0,0.26205044564996655
0.074,0.0450478080100348,0.0,0.26205042980397736
0.0745,0.0450478080100348,0.0,0.2620504142619178
0.075,0.0450478080100348,0.0,0.26205039901796967
0.0755,0.0450478080100348,0.0,0.2620503840663962
0.076,0.0450478080100348,0.0,0.26205036940160154
0.0765,0.0450478080100348,0.0,0.26205035501808216
0.077,0.0450478080100348,0.0,0.26205034091043733
0.0775,0.0450478080100348,0.0,0.2620503270733805
0.078,0.0450478080100348,0.0,0.26205031350172237
0.0785,0.0450478080100348,0.0,0.26205030019037145
0.079,0.0450478080100348,0.0,0.2620502871343338
0.0795,0.0450478080100348,0.0,0.26205027432871314
0.08,0.0450478080100348,0.0,0.26205026176869994
0.0805,0.0450478080100348,0.0,0.26205024944959293
0.081,0.0450478080100348,0.0,0.262050237366767
0.0815,0.0450478080100348,0.0,0.26205022551569457
0.082,0.0450478080100348,0.0,0.26205021389192384
0.0825,0.0450478080100348,0.0,0.26205020249109534
0.083,0.0450478080100348,0.0,0.26205019130893636
0.0835,0.0450478080100348,0.0,0.26205018034124994
0.084,0.0450478080100348,0.0,0.2620501695839261
0.0845,0.0450478080100348,0.0,0.2620501590329197
0.085,0.0450478080100348,0.0,0.2620501486842889
0.0855,0.0450478080100348,0.0,0.26205013853414033
0.086,0.0450478080100348,0.0,0.2620501285786785
0.0865,0.0450478080100348,0.0,0.26205011881415113
0.087,0.0450478080100348,0.0,0.2620501092369091
0.0875,0.0450478080100348,0.0,0.2620500998433627
0.088,0.0450478080100348,0.0,0.26205009062997675
0.0885,0.0450478080100348,0.0,0.2620500815933027
0.089,0.0450478080100348,0.0,0.26205007272995695
0.0895,0.0450478080100348,0.0,0.2620500640365994
0.09,0.0450478080100348,0.0,0.26205005550998756
0.0905,0.0450478080100348,0.0,0.2620500471469114
0.091,0.0450478080100348,0.0,0.26205003894423684
0.0915,0.0450478080100348,0.0,0.2620500308988895
0.092,0.0450478080100348,0.0,0.26205002300784913
0.0925,0.0450478080100348,0.0,0.2620500152681497
0.093,0.0450478080100348,0.0,0.26205000767691206
0.0935,0.0450478080100348,0.0,0.2620500002312624
0.094,0.0450478080100348,0.0,0.262049992928419
0.0945,0.0450478080100348,0.0,0.26204998576564376
0.095,0.0450478080100348,0.0,0.26204997874024166
0.0955,0.0450478080100348,0.0,0.26204997184959383
0.096,0.0450478080100348,0.0,0.26204996509109757
0.0965,0.0450478080100348,0.0,0.2620499584622369
0.097,0.0450478080100348,0.0,0.26204995196050673
0.0975,0.0450478080100348,0.0,0.2620499455834833
0.098,0.0450478080100348,0.0,0.2620499393287646
0.0985,0.0450478080100348,0.0,0.2620499331940136
0.099,0.0450478080100348,0.0,0.2620499271769258
0.0995,0.0450478080100348,0.0,0.2620499212752402
0.1,0.0450478080100348,1.0,0.2620499154867444
0.1005,0.0450478080100348,1.0,0.2621397913850196
0.101,0.0450478080100348,1.0,0.2636482211490949
0.1015,0.0450478080100348,1.0,0.27026543566658834
0.102,0.0450478080100348,1.0,0.28976544502226664
0.1025,0.0450478080100348,1.0,0.33689127581756584
0.103,0.0450478080100348,1.0,0.41689847343119124
0.1035,0.0450478080100348,1.0,0.5165321940712643
0.104,0.0450478080100348,1.0,0.6269029692872566
0.1045,0.0450478080100348,1.0,0.7452434982308006
0.105,0.0450478080100348,1.0,0.8701254710995593
0.1055,0.0450478080100348,1.0,1.0002878338592058
0.106,0.0450478080100348,1.0,1.1345495187112116
0.1065,0.0450478080100348,1.0,1.2718409181427095
0.107,0.0450478080100348,1.0,1.4112382136381463
0.1075,0.0450478080100348,1.0,1.551954455001536
0.108,0.0450478080100348,1.0,1.693337812947353
0.1085,0.0450478080100348,1.0,1.8348510189968967
0.109,0.0450478080100348,1.0,1.9760584504321186
0.1095,0.0450478080100348,1.0,2.116608677857641
0.11,0.0450478080100348,1.0,2.2562208328603766
0.1105,0.0450478080100348,1.0,2.394672697246248
0.111,0.0450478080100348,1.0,2.5317892972843166
0.1115,0.0450478080100348,1.0,2.667435580588929
0.112,0.0450478080100348,1.0,2.8015075723768113
0.1125,0.0450478080100348,1.0,2.9339282147513925
0.113,0.0450478080100348,1.0,3.0646406819437595
0.1135,0.0450478080100348,1.0,3.1936062335324658
0.114,0.0450478080100348,1.0,3.3207991809895536
0.1145,0.0450478080100348,1.0,3.44620596668836
0.115,0.0450478080100348,1.0,3.5698213497076288
0.1155,0.0450478080100348,1.0,3.691648204974346
0.116,0.0450478080100348,1.0,3.8116946005491292
0.1165,0.0450478080100348,1.0,3.9299740720496237
0.117,0.0450478080100348,1.0,4.046502332702392
0.1175,0.0450478080100348,1.0,4.1612955269661125
0.118,0.0450478080100348,1.0,4.274371231179083
0.1185,0.0450478080100348,1.0,4.385750021205286
0.119,0.0450478080100348,1.0,4.495454014687407
0.1195,0.0450478080100348,1.0,4.603507269310759
0.12,0.0450478080100348,1.0,4.709934599217053
0.1205,0.0450478080100348,1.0,4.814762022827329
0.121,0.0450478080100348,1.0,4.918015793932722
0.1215,0.0450478080100348,1.0,5.019722858253846
0.122,0.0450478080100348,1.0,5.119910052145606
0.1225,0.0450478080100348,1.0,5.218604547731407
0.123,0.0450478080100348,1.0,5.315833183571283
0.1235,0.0450478080100348,1.0,5.411622887309749
0.124,0.0450478080100348,1.0,5.506000111402888
0.1245,0.0450478080100348,1.0,5.598991227863919
0.125,0.0450478080100348,1.0,5.690622048522016
0.1255,0.0450478080100348,1.0,5.780918189859479
0.126,0.0450478080100348,1.0,5.869904661965529
0.1265,0.0450478080100348,1.0,5.9576062034746045
0.127,0.0450478080100348,1.0,6.044046926866255
0.1275,0.0450478080100348,1.0,6.129250624659368
0.128,0.0450478080100348,1.0,6.213240461330908
0.1285,0.0450478080100348,1.0,6.296039252527999
0.129,0.0450478080100348,1.0,6.377669195868648
0.1295,0.0450478080100348,1.0,6.458152125208928
0.13,0.0450478080100348,1.0,6.537509274115729
0.1305,0.0450478080100348,1.0,6.615761507302812
0.131,0.0450478080100348,1.0,6.6929291117481124
0.1315,0.0450478080100348,1.0,6.7690320073703845
0.132,0.0450478080100348,1.0,6.844089561688536
0.1325,0.0450478080100348,1.0,6.918120781703941
0.133,0.0450478080100348,1.0,6.991144148728631
0.1335,0.0450478080100348,1.0,7.063177793297857
0.134,0.0450478080100348,1.0,7.1342393473734695
0.1345,0.0450478080100348,1.0,7.204346103959106
0.135,0.0450478080100348,1.0,7.273514884350155
0.1355,0.0450478080100348,1.0,7.341762183968622
0.136,0.0450478080100348,1.0,7.409104052706763
0.1365,0.0450478080100348,1.0,7.475556228349977
0.137,0.0450478080100348,1.0,7.541134028366548
0.1375,0.0450478080100348,1.0,7.605852472147984
0.138,0.0450478080100348,1.0,7.669726182847044
0.1385,0.0450478080100348,1.0,7.732769499535942
0.139,0.0450478080100348,1.0,7.794996387901865
0.1395,0.0450478080100348,1.0,7.856420543307021
0.14,0.0450478080100348,1.0,7.917055309320982
0.1405,0.0450478080100348,1.0,7.976913772561864
0.141,0.0450478080100348,1.0,8.036008688186794
0.1415,0.0450478080100348,1.0,8.094352567300293
0.142,0.0450478080100348,1.0,8.15195760864281
0.1425,0.0450478080100348,1.0,8.208835779268151
0.143,0.0450478080100348,1.0,8.264998751771621
0.1435,0.0450478080100348,1.0,8.320457978862597
0.144,0.0450478080100348,1.0,8.375224635558698
0.1445,0.0450478080100348,1.0,8.429309688214309
0.145,0.0450478080100348,1.0,8.482723841178666
0.1455,0.0450478080100348,1.0,8.535477600782192
0.146,0.0450478080100348,1.0,8.587581226018306
0.1465,0.0450478080100348,1.0,8.639044787937323
0.147,0.0450478080100348,1.0,8.68987812396433
0.1475,0.0450478080100348,1.0,8.74009089310405
0.148,0.0450478080100348,1.0,8.789692533552618
0.1485,0.0450478080100348,1.0,8.838692314075802
0.149,0.0450478080100348,1.0,8.88709929461178
0.1495,0.0450478080100348,1.0,8.934922374148686
0.15,0.0450478080100348,1.0,8.982170254048956
0.1505,0.0450478080100348,1.0,9.028851482719817
0.151,0.0450478080100348,1.0,9.074974421420007
0.1515,0.0450478080100348,1.0,9.120547285987742
0.152,0.0450478080100348,1.0,9.16557811491552
0.1525,0.0450478080100348,1.0,9.210074808374966
0.153,0.0450478080100348,1.0,9.254045098368364
0.1535,0.0450478080100348,1.0,9.297496585266737
0.154,0.0450478080100348,1.0,9.340436709866045
0.1545,0.0450478080100348,1.0,9.382872787634295
0.155,0.0450478080100348,1.0,9.424811982518156
0.1555,0.0450478080100348,1.0,9.46626133907712
0.156,0.0450478080100348,1.0,9.507227757901024
0.1565,0.0450478080100348,1.0,9.547718025792225
0.157,0.0450478080100348,1.0,9.587738792669109
0.1575,0.0450478080100348,1.0,9.627296599942511
0.158,0.0450478080100348,1.0,9.666397858791747
0.1585,0.0450478080100348,1.0,9.705048876869316
0.159,0.0450478080100348,1.0,9.743255837845263
0.1595,0.0450478080100348,1.0,9.781024826563478
0.16,0.0450478080100348,1.0,9.81836180975971
0.1605,0.0450478080100348,1.0,9.855272659780942
0.161,0.0450478080100348,1.0,9.891763136392862
0.1615,0.0450478080100348,1.0,9.927838909162709
0.162,0.0450478080100348,1.0,9.963505540279204
0.1625,0.0450478080100348,1.0,9.998768505692336
0.163,0.0450478080100348,1.0,10.033633178874679
0.1635,0.0450478080100348,1.0,10.068104850803387
0.164,0.0450478080100348,1.0,10.10218871459769
0.1645,0.0450478080100348,1.0,10.135889884422644
0.165,0.0450478080100348,1.0,10.16921338094286
0.1655,0.0450478080100348,1.0,10.20216414921961
0.166,0.0450478080100348,1.0,10.234747044926765
0.1665,0.0450478080100348,1.0,10.266966851307892
0.167,0.0450478080100348,1.0,10.298828266104037
0.1675,0.0450478080100348,1.0,10.330335917631588
0.168,0.0450478080100348,1.0,10.361494352376315
0.1685,0.0450478080100348,1.0,10.392308050248387
0.169,0.0450478080100348,1.0,10.422781412800049
0.1695,0.0450478080100348,1.0,10.45291877770981
0.17,0.0450478080100348,1.0,10.482724407584728
0.1705,0.0450478080100348,1.0,10.51220250372208
0.171,0.0450478080100348,1.0,10.541357195459453
0.1715,0.0450478080100348,1.0,10.570192553258925
0.172,0.0450478080100348,1.0,10.598712578571957
0.1725,0.0450478080100348,1.0,10.626921216286267
0.173,0.0450478080100348,1.0,10.654822345075043
0.1735,0.0450478080100348,1.0,10.682419789245262
0.174,0.0450478080100348,1.0,10.709717309541741
0.1745,0.0450478080100348,1.0,10.736718614432759
0.175,0.0450478080100348,1.0,10.76342735134239
0.1755,0.0450478080100348,1.0,10.789847117406088
0.176,0.0450478080100348,1.0,10.815981451106975
0.1765,0.0450478080100348,1.0,10.841833842531658
0.177,0.0450478080100348,1.0,10.867407725387498
0.1775,0.0450478080100348,1.0,10.892706486787796
0.178,0.0450478080100348,1.0,10.917733459627906
0.1785,0.0450478080100348,1.0,10.942491931926217
0.179,0.0450478080100348,1.0,10.966985139539979
0.1795,0.0450478080100348,1.0,10.991216275086485
0.18,0.0450478080100348,1.0,11.015188480979727
0.1805,0.0450478080100348,1.0,11.038904857955318
0.181,0.0450478080100348,1.0,11.062368458410202
0.1815,0.0450478080100348,1.0,11.085582294553124
0.182,0.0450478080100348,1.0,11.108549332031396
0.1825,0.0450478080100348,1.0,11.13127249772649
0.183,0.0450478080100348,1.0,11.153754673653172
0.1835,0.0450478080100348,1.0,11.175998704419266
0.184,0.0450478080100348,1.0,11.198007391382202
0.1845,0.0450478080100348,1.0,11.219783499791363
0.185,0.0450478080100348,1.0,11.241329753188571
0.1855,0.0450478080100348,1.0,11.26264884024883
0.186,0.0450478080100348,1.0,11.283743409413113
0.1865,0.0450478080100348,1.0,11.30461607544338
0.187,0.0450478080100348,1.0,11.325269414274961
0.1875,0.0450478080100348,1.0,11.345705969300553
0.188,0.0450478080100348,1.0,11.365928246431933
0.1885,0.0450478080100348,1.0,11.38593872012594
0.189,0.0450478080100348,1.0,11.405739828645201
0.1895,0.0450478080100348,1.0,11.425333979839642
0.19,0.0450478080100348,1.0,11.444723546595753
0.1905,0.0450478080100348,1.0,11.463910872385826
0.191,0.0450478080100348,1.0,11.48289826689712
0.1915,0.0450478080100348,1.0,11.501688011359587
0.192,0.0450478080100348,1.0,11.520282354346508
0.1925,0.0450478080100348,1.0,11.538683516891654
0.193,0.0450478080100348,1.0,11.556893688452979
0.1935,0.0450478080100348,1.0,11.574915031829756
0.194,0.0450478080100348,1.0,11.592749679281122
0.1945,0.0450478080100348,1.0,11.610399737252553
0.195,0.0450478080100348,1.0,11.627867282642844
0.1955,0.0450478080100348,1.0,11.645154367348493
0.196,0.0450478080100348,1.0,11.662263014672115
0.1965,0.0450478080100348,1.0,11.679195223693192
0.197,0.0450478080100348,1.0,11.695952965811658
0.1975,0.0450478080100348,1.0,11.712538188953333
0.198,0.0450478080100348,1.0,11.728952814241836
0.1985,0.0450478080100348,1.0,11.745198740046893
0.199,0.0450478080100348,1.0,11.761277838778513
0.1995,0.0450478080100348,1.0,11.77719196078503
0.2,0.0450478080100348,1.0,11.792942931264871
0.2005,0.0450478080100348,1.0,11.808532554020724
0.201,0.0450478080100348,1.0,11.82396260848327
0.2015,0.0450478080100348,1.0,11.839234853328382
0.202,0.0450478080100348,1.0,11.854351023608059
0.2025,0.0450478080100348,1.0,11.86931283423598
0.203,0.0450478080100348,1.0,11.884121977221888
0.2035,0.0450478080100348,1.0,11.898780125031056
0.204,0.0450478080100348,1.0,11.913288927916724
0.2045,0.0450478080100348,1.0,11.927650017160211
0.205,0.0450478080100348,1.0,11.9418650024968
0.2055,0.0450478080100348,1.0,11.955935475241098
0.206,0.0450478080100348,1.0,11.969863005803346
0.2065,0.0450478080100348,1.0,11.983649146704462
0.207,0.0450478080100348,1.0,11.997295430178536
0.2075,0.0450478080100348,1.0,12.01080337108285
0.208,0.0450478080100348,1.0,12.024174464583037
0.2085,0.0450478080100348,1.0,12.037410188962038
0.209,0.0450478080100348,1.0,12.050512003384998
0.2095,0.0450478080100348,1.0,12.06348135061078
0.21,0.0450478080100348,1.0,12.076319654833409
0.2105,0.0450478080100348,1.0,12.08902832430124
0.211,0.0450478080100348,1.0,12.101608749230572
0.2115,0.0450478080100348,1.0,12.11406230433641
0.212,0.0450478080100348,1.0,12.126390346816008
0.2125,0.0450478080100348,1.0,12.138594218794541
0.213,0.0450478080100348,1.0,12.150675245375517
0.2135,0.0450478080100348,1.0,12.162634737004845
0.214,0.0450478080100348,1.0,12.174473987585705
0.2145,0.0450478080100348,1.0,12.186194276764153
0.215,0.0450478080100348,1.0,12.197796868106195
0.2155,0.0450478080100348,1.0,12.209283011307496
0.216,0.0450478080100348,1.0,12.220653940430287
0.2165,0.0450478080100348,1.0,12.231910876040894
0.217,0.0450478080100348,1.0,12.24305502350331
0.2175,0.0450478080100348,1.0,12.254087575047771
0.218,0.0450478080100348,1.0,12.26500970811888
0.2185,0.0450478080100348,1.0,12.275822587377688
0.219,0.0450478080100348,1.0,12.286527363102381
0.2195,0.0450478080100348,1.0,12.297125173126322
0.22,0.0450478080100348,1.0,12.307617141289775
0.2205,0.0450478080100348,1.0,12.318004379315596
0.221,0.0450478080100348,1.0,12.328287985310443
0.2215,0.0450478080100348,1.0,12.338469045581043
0.222,0.0450478080100348,1.0,12.348548633182112
0.2225,0.0450478080100348,1.0,12.35852780967564
0.223,0.0450478080100348,1.0,12.368407623724353
0.2235,0.0450478080100348,1.0,12.378189112795777
0.224,0.0450478080100348,1.0,12.3878733017994
0.2245,0.0450478080100348,1.0,12.397461204737725
0.225,0.0450478080100348,1.0,12.406953823385562
0.2255,0.0450478080100348,1.0,12.416352148890125
0.226,0.0450478080100348,1.0,12.425657160490635
0.2265,0.0450478080100348,1.0,12.43486982706947
0.227,0.0450478080100348,1.0,12.443991105910909
0.2275,0.0450478080100348,1.0,12.453021944204828
0.228,0.0450478080100348,1.0,12.461963277842857
0.2285,0.0450478080100348,1.0,12.470816032876815
0.229,0.0450478080100348,1.0,12.479581124351032
0.2295,0.0450478080100348,1.0,12.488259457716774
0.23,0.0450478080100348,1.0,12.496851927699687
0.2305,0.0450478080100348,1.0,12.50535941967167
0.231,0.0450478080100348,1.0,12.51378280855214
0.2315,0.0450478080100348,1.0,12.522122960139088
0.232,0.0450478080100348,1.0,12.530380730042967
0.2325,0.0450478080100348,1.0,12.538556964977902
0.233,0.0450478080100348,1.0,12.546652501727518
0.2335,0.0450478080100348,1.0,12.554668168398054
0.234,0.0450478080100348,1.0,12.562604783414113
0.2345,0.0450478080100348,1.0,12.570463156735359
0.235,0.0450478080100348,1.0,12.578244088881515
0.2355,0.0450478080100348,1.0,12.58594837211397
0.236,0.0450478080100348,1.0,12.59357678948829
0.2365,0.0450478080100348,1.0,12.601130116002006
0.237,0.0450478080100348,1.0,12.608609117674666
0.2375,0.0450478080100348,1.0,12.61601455266243
0.238,0.0450478080100348,1.0,12.62334717036435
0.2385,0.0450478080100348,1.0,12.630607712504968
0.239,0.0450478080100348,1.0,12.637796912266541
0.2395,0.0450478080100348,1.0,12.644915495340488
0.24,0.0450478080100348,1.0,12.651964179084203
0.2405,0.0450478080100348,1.0,12.658943673542883
0.241,0.0450478080100348,1.0,12.66585468062991
0.2415,0.0450478080100348,1.0,12.67269789512035
0.242,0.0450478080100348,1.0,12.679474003853796
0.2425,0.0450478080100348,1.0,12.686183686700332
0.243,0.0450478080100348,1.0,12.692827615785795
0.2435,0.0450478080100348,1.0,12.699406456430523
0.244,0.0450478080100348,1.0,12.705920866396024
0.2445,0.0450478080100348,1.0,12.712371496798138
0.245,0.0450478080100348,1.0,12.71875899137446
0.2455,0.0450478080100348,1.0,12.725083987371889
0.246,0.0450478080100348,1.0,12.731347114834623
0.2465,0.0450478080100348,1.0,12.73754899746727
0.247,0.0450478080100348,1.0,12.743690251942327
0.2475,0.0450478080100348,1.0,12.749771488739512
0.248,0.0450478080100348,1.0,12.755793311472322
0.2485,0.0450478080100348,1.0,12.761756317704782
0.249,0.0450478080100348,1.0,12.767661098295813
0.2495,0.0450478080100348,1.0,12.773508238194038
0.25,0.0450478080100348,1.0,12.779298315800068
0.2505,0.0450478080100348,1.0,12.7850319037397
0.251,0.0450478080100348,1.0,12.790709568243457
0.2515,0.0450478080100348,1.0,12.79633186989893
0.252,0.0450478080100348,1.0,12.801899363046909
0.2525,0.0450478080100348,1.0,12.80741259651411
0.253,0.0450478080100348,1.0,12.812872113024811
0.2535,0.0450478080100348,1.0,12.818278449914335
0.254,0.0450478080100348,1.0,12.823632138556404
0.2545,0.0450478080100348,1.0,12.828933705057688
0.255,0.0450478080100348,1.0,12.83418366970025
0.2555,0.0450478080100348,1.0,12.839382547617781
0.256,0.0450478080100348,1.0,12.844530848253036
0.2565,0.0450478080100348,1.0,12.84962907601585
0.257,0.0450478080100348,1.0,12.854677729755005
0.2575,0.0450478080100348,1.0,12.85967730339943
0.258,0.0450478080100348,1.0,12.864628285443256
0.2585,0.0450478080100348,1.0,12.869531159570588
0.259,0.0450478080100348,1.0,12.874386404154059
0.2595,0.0450478080100348,1.0,12.879194492863558
0.26,0.0450478080100348,1.0,12.883955894177362
0.2605,0.0450478080100348,1.0,12.88867107197531
0.261,0.0450478080100348,1.0,12.893340485062783
0.2615,0.0450478080100348,1.0,12.89796458774852
0.262,0.0450478080100348,1.0,12.902543829380518
0.2625,0.0450478080100348,1.0,12.907078654909732
0.263,0.0450478080100348,1.0,12.91156950443727
0.2635,0.0450478080100348,1.0,12.916016813763799
0.264,0.0450478080100348,1.0,12.920421013948681
0.2645,0.0450478080100348,1.0,12.924782531845132
0.265,0.0450478080100348,1.0,12.929101789670542
0.2655,0.0450478080100348,1.0,12.93337920552816
0.266,0.0450478080100348,1.0,12.937615192988444
0.2665,0.0450478080100348,1.0,12.94181016159739
0.267,0.0450478080100348,1.0,12.945964516468361
0.2675,0.0450478080100348,1.0,12.950078658778326
0.268,0.0450478080100348,1.0,12.954152985369088
0.2685,0.0450478080100348,1.0,12.958187889231398
0.269,0.0450478080100348,1.0,12.962183759116643
0.2695,0.0450478080100348,1.0,12.966140980008193
0.27,0.0450478080100348,1.0,12.970059932743215
0.2705,0.0450478080100348,1.0,12.97394099447255
0.271,0.0450478080100348,1.0,12.977784538290877
0.2715,0.0450478080100348,1.0,12.981590933686599
0.272,0.0450478080100348,1.0,12.985360546180456
0.2725,0.0450478080100348,1.0,12.98909373776407
0.273,0.0450478080100348,1.0,12.992790866548072
0.2735,0.0450478080100348,1.0,12.996452287189669
0.274,0.0450478080100348,1.0,13.00007835054921
0.2745,0.0450478080100348,1.0,13.003669404107505
0.275,0.0450478080100348,1.0,13.007225791630958
0.2755,0.0450478080100348,1.0,13.010747853578426
0.276,0.0450478080100348,1.0,13.014235926774507
0.2765,0.0450478080100348,1.0,13.017690344806974
0.277,0.0450478080100348,1.0,13.021111437707466
0.2775,0.0450478080100348,1.0,13.024499532339698
0.278,0.0450478080100348,1.0,13.027854952087775
0.2785,0.0450478080100348,1.0,13.031178017234852
0.279,0.0450478080100348,1.0,13.034469044659224
0.2795,0.0450478080100348,1.0,13.037728348204018
0.28,0.0450478080100348,1.0,13.040956238380137
0.2805,0.0450478080100348,1.0,13.044153022727516
0.281,0.0450478080100348,1.0,13.047319005525123
0.2815,0.0450478080100348,1.0,13.050454488143458
0.282,0.0450478080100348,1.0,13.053559768761462
0.2825,0.0450478080100348,1.0,13.05663514271085
0.283,0.0450478080100348,1.0,13.059680902199993
0.2835,0.0450478080100348,1.0,13.062697336649164
0.284,0.0450478080100348,1.0,13.06568473242183
0.2845,0.0450478080100348,1.0,13.06864337315211
0.285,0.0450478080100348,1.0,13.071573539481406
0.2855,0.0450478080100348,1.0,13.074475509379406
0.286,0.0450478080100348,1.0,13.07734955788602
0.2865,0.0450478080100348,1.0,13.0801959574252
0.287,0.0450478080100348,1.0,13.083014977553013
0.2875,0.0450478080100348,1.0,13.085806885264041
0.288,0.0450478080100348,1.0,13.088571944745205
0.2885,0.0450478080100348,1.0,13.09131041767528
0.289,0.0450478080100348,1.0,13.094022562984584
0.2895,0.0450478080100348,1.0,13.096708637146945
0.29,0.0450478080100348,1.0,13.09936889394562
0.2905,0.0450478080100348,1.0,13.102003584758073
0.291,0.0450478080100348,1.0,13.104612958327674
0.2915,0.0450478080100348,1.0,13.107197261041803
0.292,0.0450478080100348,1.0,13.109756736708512
0.2925,0.0450478080100348,1.0,13.112291626828744
0.293,0.0450478080100348,1.0,13.114802170377814
0.2935,0.0450478080100348,1.0,13.11728860407146
0.294,0.0450478080100348,1.0,13.119751162152243
0.2945,0.0450478080100348,1.0,13.12219007664983
0.295,0.0450478080100348,1.0,13.124605577172167
0.2955,0.0450478080100348,1.0,13.126997891159583
0.296,0.0450478080100348,1.0,13.129367243680804
0.2965,0.0450478080100348,1.0,13.131713857681723
0.297,0.0450478080100348,1.0,13.134037953785574
0.2975,0.0450478080100348,1.0,13.136339750536182
0.298,0.0450478080100348,1.0,13.138619464202849
0.2985,0.0450478080100348,1.0,13.140877309017837
0.299,0.0450478080100348,1.0,13.143113496985961
0.2995,0.0450478080100348,1.0,13.145321999638051
0.3,0.0450478080100348,1.0,13.147544875112049
0.3005,0.0450243080100348,1.0,12.892105699965008
0.301,0.0450008080100348,1.0,12.641681794784084
0.3015,0.0449773080100348,1.0,12.39623792229911
0.302,0.0449538080100348,1.0,12.155734323372164
0.3025,0.0449303080100348,1.0,11.920130307233613
0.303,0.0449068080100348,1.0,11.689384140329015
0.3035,0.0448833080100348,1.0,11.463453082386383
0.304,0.0448598080100348,1.0,11.242293319872731
0.3045,0.0448363080100348,1.0,11.025860036039807
0.305,0.0448128080100348,1.0,10.814107335705277
0.3055,0.0447893080100348,1.0,10.606988332021658
0.306,0.0447658080100348,1.0,10.404455063056101
0.3065,0.0447423080100348,1.0,10.206458595478676
0.307,0.0447188080100348,1.0,10.01294893356359
0.3075,0.0446953080100348,1.0,9.823875139731733
0.308,0.0446718080100348,1.0,9.639185236743662
0.3085,0.0446483080100348,1.0,9.458826344740347
0.309,0.0446248080100348,1.0,9.282744577534219
0.3095,0.0446013080100348,1.0,9.110891995275853
0.31,0.0445778080100348,1.0,8.943167471437611
0.3105,0.0445737157276934,1.0,8.954645622306323
0.311,0.0445696234453519,1.0,8.965959189425767
0.3115,0.0445655311630104,1.0,8.977107077188558
0.312,0.0445614388806689,1.0,8.988091670801555
0.3125,0.0445573465983275,1.0,8.99891529484857
0.313,0.044553254315986,1.0,9.00958022945477
0.3135,0.0445491620336445,1.0,9.020088720187813
0.314,0.044545069751303,1.0,9.030442974023128
0.3145,0.0445409774689616,1.0,9.040645164635048
0.315,0.0445368851866201,1.0,9.05069742852963
0.3155,0.0445327929042786,1.0,9.06060187011455
0.316,0.0445287006219372,1.0,9.070360557994158
0.3165,0.0445246083395957,1.0,9.079975529817625
0.317,0.0445205160572542,1.0,9.089448788736028
0.3175,0.0445164237749127,1.0,9.098782308047475
0.318,0.0445123314925713,1.0,9.107978027795355
0.3185,0.0445082392102298,1.0,9.117037859322233
0.319,0.0445041469278883,1.0,9.125963681137762
0.3195,0.0445000546455469,1.0,9.134757338871268
0.32,0.0444959623632054,1.0,9.143420642126364
0.3205,0.0444918700808639,1.0,9.151955373997307
0.321,0.0444877777985224,1.0,9.160363288116374
0.3215,0.044483685516181,1.0,9.168646112541296
0.322,0.0444795932338395,1.0,9.176805546885433
0.3225,0.044475500951498,1.0,9.184843266059515
0.323,0.0444714086691565,1.0,9.192760917513231
0.3235,0.0444673163868151,1.0,9.200560124827346
0.324,0.0444632241044736,1.0,9.208242485061504
0.3245,0.0444591318221321,1.0,9.215809572210992
0.325,0.0444550395397906,1.0,9.223262934656017
0.3255,0.0444509472574492,1.0,9.230604098481546
0.326,0.0444468549751077,1.0,9.237834565024155
0.3265,0.0444427626927662,1.0,9.244955814068483
0.327,0.0444386704104248,1.0,9.251969301487279
0.3275,0.0444345781280833,1.0,9.258876462308969
0.328,0.0444304858457418,1.0,9.265678708454193
0.3285,0.0444263935634003,1.0,9.272377431686936
0.329,0.0444223012810589,1.0,9.278974001432001
0.3295,0.0444182089987174,1.0,9.285469767615398
0.33,0.0444141167163759,1.0,9.291866058566551
0.3305,0.0444100244340344,1.0,9.29816418375296
0.331,0.044405932151693,1.0,9.304365431756331
0.3315,0.0444018398693515,1.0,9.310471072905976
0.332,0.04439774758701,1.0,9.31648235733251
0.3325,0.0443936553046686,1.0,9.322400517506182
0.333,0.0443895630223271,1.0,9.328226766352154
0.3335,0.0443854707399856,1.0,9.333962299705586
0.334,0.0443813784576441,1.0,9.339608294493539
0.3345,0.0443772861753027,1.0,9.345165911097288
0.335,0.0443731938929612,1.0,9.350636291600333
0.3355,0.0443691016106197,1.0,9.356020562068597
0.336,0.0443650093282782,1.0,9.361319830860891
0.3365,0.0443609170459368,1.0,9.366535190825166
0.337,0.0443568247635953,1.0,9.37166771766729
0.3375,0.0443527324812538,1.0,9.376718472073946
0.338,0.0443486401989124,1.0,9.381688498139692
0.3385,0.0443445479165709,1.0,9.386578825406437
0.339,0.0443404556342294,1.0,9.391390467353927
0.3395,0.0443363633518879,1.0,9.396124423367084
0.34,0.0443322710695465,1.0,9.400781677274702
0.3405,0.044328178787205,1.0,9.405363199248864
0.341,0.0443240865048635,1.0,9.40986994439777
0.3415,0.044319994222522,1.0,9.414302854599038
0.342,0.0443159019401806,1.0,9.418662857137363
0.3425,0.0443118096578391,1.0,9.422950866474926
0.343,0.0443077173754976,1.0,9.42716778293907
0.3435,0.0443036250931562,1.0,9.431314494432863
0.344,0.0442995328108147,1.0,9.435391875159873
0.3445,0.0442954405284732,1.0,9.439400787283862
0.345,0.0442913482461317,1.0,9.44334207969594
0.3455,0.0442872559637903,1.0,9.447216589615241
0.346,0.0442831636814488,1.0,9.451025141396286
0.3465,0.0442790713991073,1.0,9.454768548080283
0.347,0.0442749791167658,1.0,9.458447610242295
0.3475,0.0442708868344244,1.0,9.462063117486695
0.348,0.0442667945520829,1.0,9.46561584733245
0.3485,0.0442627022697414,1.0,9.469106566663159
0.349,0.0442586099874,1.0,9.47253603064993
0.3495,0.0442545177050585,1.0,9.475904984144238
0.35,0.044250425422717,1.0,9.479214160645826
0.3505,0.0442463331403755,1.0,9.482464283647856
0.351,0.0442422408580341,1.0,9.485656065635261
0.3515,0.0442381485756926,1.0,9.488790209385993
0.352,0.0442340562933511,1.0,9.49186740700519
0.3525,0.0442299640110096,1.0,9.494888341184172
0.353,0.0442258717286682,1.0,9.49785368426254
0.3535,0.0442217794463267,1.0,9.500764099445831
0.354,0.0442176871639852,1.0,9.503620239902022
0.3545,0.0442135948816438,1.0,9.50642274994056
0.355,0.0442095025993023,1.0,9.509172264129191
0.3555,0.0442054103169608,1.0,9.511869408444149
0.356,0.0442013180346193,1.0,9.514514799413641
0.3565,0.0441972257522779,1.0,9.517109045227981
0.357,0.0441931334699364,1.0,9.519652744910088
0.3575,0.0441890411875949,1.0,9.522146489393872
0.358,0.0441849489052534,1.0,9.524590860721144
0.3585,0.044180856622912,1.0,9.526986433082124
0.359,0.0441767643405705,1.0,9.529333772037818
0.3595,0.044172672058229,1.0,9.531633435530809
0.36,0.0441685797758876,1.0,9.53388597313349
0.3605,0.0441644874935461,1.0,9.536091927018777
0.361,0.0441603952112046,1.0,9.53825183123984
0.3615,0.0441563029288631,1.0,9.540366212669449
0.362,0.0441522106465217,1.0,9.542435590299139
0.3625,0.0441481183641802,1.0,9.544460476148144
0.363,0.0441440260818387,1.0,9.546441374588957
0.3635,0.0441399337994972,1.0,9.548378783227646
0.364,0.0441358415171558,1.0,9.550273192246607
0.3645,0.0441317492348143,1.0,9.552125085257323
0.365,0.0441276569524728,1.0,9.553934938667703
0.3655,0.0441235646701314,1.0,9.55570322250873
0.366,0.0441194723877899,1.0,9.557430399813375
0.3665,0.0441153801054484,1.0,9.559116927426372
0.367,0.0441112878231069,1.0,9.560763255400236
0.3675,0.0441071955407655,1.0,9.56236982777754
0.368,0.044103103258424,1.0,9.56393708200502
0.3685,0.0440990109760825,1.0,9.565465449695209
0.369,0.044094918693741,1.0,9.566955356059179
0.3695,0.0440908264113996,1.0,9.568407220640692
0.37,0.0440867341290581,1.0,9.569821456766022
0.3705,0.0440826418467166,1.0,9.571198472260134
0.371,0.0440785495643751,1.0,9.572538668912857
0.3715,0.0440744572820337,1.0,9.57384244316935
0.372,0.0440703649996922,1.0,9.575110185612536
0.3725,0.0440662727173507,1.0,9.576342281636803
0.373,0.0440621804350093,1.0,9.577539110946601
0.3735,0.0440580881526678,1.0,9.578701048201337
0.374,0.0440539958703263,1.0,9.579828462538032
0.3745,0.0440499035879848,1.0,9.580921718194931
0.375,0.0440458113056434,1.0,9.581981174045593
0.3755,0.0440417190233019,1.0,9.583007184203664
0.376,0.0440376267409604,1.0,9.584000097573913
0.3765,0.0440335344586189,1.0,9.58496025843967
0.377,0.0440294421762775,1.0,9.58588800602373
0.3775,0.044025349893936,1.0,9.586783675057179
0.378,0.0440212576115945,1.0,9.587647595357984
0.3785,0.0440171653292531,1.0,9.588480092383774
0.379,0.0440130730469116,1.0,9.589281486814043
0.3795,0.0440089807645701,1.0,9.590052095095368
0.38,0.0440048884822286,1.0,9.59079222903491
0.3805,0.0440007961998872,1.0,9.59150219632557
0.381,0.0439967039175457,1.0,9.59218230015187
0.3815,0.0439926116352042,1.0,9.5928328397031
0.382,0.0439885193528628,1.0,9.593454109791576
0.3825,0.0439844270705213,1.0,9.59404640134252
0.383,0.0439803347881798,1.0,9.594610001032228
0.3835,0.0439762425058383,1.0,9.595145191761613
0.384,0.0439721502234969,1.0,9.595652252302266
0.3845,0.0439680579411554,1.0,9.59613145775574
0.385,0.0439639656588139,1.0,9.59658307921359
0.3855,0.0439598733764724,1.0,9.597007384203428
0.386,0.043955781094131,1.0,9.597404636354927
0.3865,0.0439516888117895,1.0,9.59777509583289
0.387,0.043947596529448,1.0,9.598119019017007
0.3875,0.0439435042471065,1.0,9.598436658921935
0.388,0.0439394119647651,1.0,9.598728264882645
0.3885,0.0439353196824236,1.0,9.598994082962742
0.389,0.0439312274000821,1.0,9.599234355652232
0.3895,0.0439271351177407,1.0,9.59944932226466
0.39,0.0439230428353992,1.0,9.59963921863623
0.3905,0.0439189505530577,1.0,9.599804277518913
0.391,0.0439148582707162,1.0,9.599944728287443
0.3915,0.0439107659883748,1.0,9.600060797317695
0.392,0.0439066737060333,1.0,9.600152707701906
0.3925,0.0439025814236918,1.0,9.600220679620062
0.393,0.0438984891413503,1.0,9.600264930063037
0.3935,0.0438943968590089,1.0,9.600285673189669
0.394,0.0438903045766674,1.0,9.600283120057787
0.3945,0.0438862122943259,1.0,9.600257478974763
0.395,0.0438821200119845,1.0,9.600208955237623
0.3955,0.043878027729643,1.0,9.600137751464455
0.396,0.0438739354473015,1.0,9.600044067350616
0.3965,0.04386984316496,1.0,9.599928099990048
0.397,0.0438657508826186,1.0,9.599790043634114
0.3975,0.0438616586002771,1.0,9.599630090004055
0.398,0.0438575663179356,1.0,9.599448428060931
0.3985,0.0438534740355941,1.0,9.599245244308024
0.399,0.0438493817532527,1.0,9.599020722564454
0.3995,0.0438452894709112,1.0,9.598775044242347
0.4,0.0438411971885697,0.0,9.598508388212025
0.4005,0.0438371049062283,0.0,9.598183290079941
0.401,0.0438330126238868,0.0,9.597759884765045
0.4015,0.0438289203415453,0.0,9.59723457268833
0.402,0.0438248280592038,0.0,9.59660351053923
0.4025,0.0438207357768624,0.0,9.595862602265376
0.403,0.0438166434945209,0.0,9.595007478499536
0.4035,0.0438125512121794,0.0,9.594033489060159
0.404,0.0438084589298379,0.0,9.592935679681297
0.4045,0.0438043666474965,0.0,9.591708783875777
0.405,0.043800274365155,0.0,9.590347197273461
0.4055,0.0437961820828135,0.0,9.58884496886722
0.406,0.0437920898004721,0.0,9.587195772801378
0.4065,0.0437879975181306,0.0,9.585392899025543
0.407,0.0437839052357891,0.0,9.583429222398575
0.4075,0.0437798129534476,0.0,9.581297192824135
0.408,0.0437757206711062,0.0,9.578988801542584
0.4085,0.0437716283887647,0.0,9.576495570856558
0.409,0.0437675361064232,0.0,9.573808517540542
0.4095,0.0437634438240817,0.0,9.570918142315568
0.41,0.0437593515417403,0.0,9.567814390344681
0.4105,0.0437552592593988,0.0,9.564486640680865
0.411,0.0437511669770573,0.0,9.560923663904683
0.4115,0.0437470746947159,0.0,9.5571136118504
0.412,0.0437429824123744,0.0,9.553043972517855
0.4125,0.0437388901300329,0.0,9.548701560484
0.413,0.0437347978476914,0.0,9.544072469364554
0.4135,0.04373070556535,0.0,9.539142063414754
0.414,0.0437266132830085,0.0,9.533894927960077
0.4145,0.043722521000667,0.0,9.528314862847699
0.415,0.0437184287183255,0.0,9.522384831449397
0.4155,0.0437143364359841,0.0,9.516086956766413
0.416,0.0437102441536426,0.0,9.509402469829892
0.4165,0.0437061518713011,0.0,9.502311709450618
0.417,0.0437020595889597,0.0,9.494794071101875
0.4175,0.0436979673066182,0.0,9.486828011475398
0.418,0.0436938750242767,0.0,9.47839099922844
0.4185,0.0436897827419352,0.0,9.469459525725826
0.419,0.0436856904595938,0.0,9.460009059332485
0.4195,0.0436815981772523,0.0,9.450014063907846
0.42,0.0436775058949108,0.0,9.439447958682575
0.4205,0.0436734136125693,0.0,9.428283146245159
0.421,0.0436693213302279,0.0,9.416490980361717
0.4215,0.0436652290478864,0.0,9.404041805327795
0.422,0.0436611367655449,0.0,9.390904934418222
0.4225,0.0436570444832035,0.0,9.377048702539854
0.423,0.043652952200862,0.0,9.362440458234191
0.4235,0.0436488599185205,0.0,9.347046631534745
0.424,0.043644767636179,0.0,9.33083274261981
0.4245,0.0436406753538376,0.0,9.313763486581498
0.425,0.0436365830714961,0.0,9.295802761832054
0.4255,0.0436324907891546,0.0,9.276913773153149
0.426,0.0436283985068131,0.0,9.257059082777912
0.4265,0.0436243062244717,0.0,9.236200732506049
0.427,0.0436202139421302,0.0,9.214300319960717
0.4275,0.0436161216597887,0.0,9.191319139765994
0.428,0.0436120293774473,0.0,9.167218286778704
0.4285,0.0436079370951058,0.0,9.141958815261551
0.429,0.0436038448127643,0.0,9.115501869896967
0.4295,0.0435997525304228,0.0,9.087808860649917
0.43,0.0435956602480814,0.0,9.058841621066945
0.4305,0.0435915679657399,0.0,9.028562595097561
0.431,0.0435874756833984,0.0,8.99693502067951
0.4315,0.0435833834010569,0.0,8.963923123309405
0.432,0.0435792911187155,0.0,8.929492321241566
0.4325,0.043575198836374,0.0,8.893609419204191
0.433,0.0435711065540325,0.0,8.85635940832266
0.4335,0.043567014271691,0.0,8.818297828682397
0.434,0.0435629219893496,0.0,8.779366675367875
0.4345,0.0435588297070081,0.0,8.739442867636043
0.435,0.0435547374246666,0.0,8.698380138441204
0.4355,0.0435506451423252,0.0,8.656003689213357
0.436,0.0435465528599837,0.0,8.612101955197058
0.4365,0.0435424605776422,0.0,8.566417053027065
0.437,0.0435383682953007,0.0,8.518630188603604
0.4375,0.0435342760129593,0.0,8.468343901396281
0.438,0.0435301837306178,0.0,8.4150552404947
0.4385,0.0435260914482763,0.0,8.358122072700393
0.439,0.0435219991659348,0.0,8.296713630245124
0.4395,0.0435179068835934,0.0,8.229750093215767
0.44,0.0435138146012519,0.0,8.15582291858197
0.4405,0.0435097223189104,0.0,8.073125049115431
0.441,0.043505630036569,0.0,7.9794149756839285
0.4415,0.0435015377542275,0.0,7.872165308025207
0.442,0.043497445471886,0.0,7.748970897129461
0.4425,0.0434933531895445,0.0,7.608378301889052
0.443,0.0434892609072031,0.0,7.450627315568921
0.4435,0.0434851686248616,0.0,7.277855381133191
0.444,0.0434810763425201,0.0,7.093411802653607
0.4445,0.0434769840601786,0.0,6.900985667903721
0.445,0.0434728917778372,0.0,6.703763623296674
0.4455,0.0434687994954957,0.0,6.504372175561205
0.446,0.0434647072131542,0.0,6.304640850464436
0.4465,0.0434606149308128,0.0,6.10595376143092
0.447,0.0434565226484713,0.0,5.909215528556577
0.4475,0.0434524303661298,0.0,5.715103036614951
0.448,0.0434483380837883,0.0,5.524066510029209
0.4485,0.0434442458014469,0.0,5.33645130208562
0.449,0.0434401535191054,0.0,5.15250039231828
0.4495,0.0434360612367639,0.0,4.972406786547201
0.45,0.0434319689544224,0.0,4.796313764885529
0.4505,0.043427876672081,0.0,4.624337187906414
0.451,0.0434237843897395,0.0,4.456564029797099
0.4515,0.043419692107398,0.0,4.2930628328138365
0.452,0.0434155998250566,0.0,4.133881125526097
0.4525,0.0434115075427151,0.0,3.9790516965979066
0.453,0.0434074152603736,0.0,3.8285893472244794
0.4535,0.0434033229780321,0.0,3.6824960513303227
0.454,0.0433992306956907,0.0,3.5407575146457604
0.4545,0.0433951384133492,0.0,3.403348276363912
0.455,0.0433910461310077,0.0,3.270228596282443
0.4555,0.0433869538486662,0.0,3.141349586723328
0.456,0.0433828615663248,0.0,3.01665086834306
0.4565,0.0433787692839833,0.0,2.896065350282188
0.457,0.0433746770016418,0.0,2.7795178505307736
0.4575,0.0433705847193004,0.0,2.666929027488623
0.458,0.0433664924369589,0.0,2.5582148559750917
0.4585,0.0433624001546174,0.0,2.4532893871946597
0.459,0.0433583078722759,0.0,2.3520647598908755
0.4595,0.0433542155899345,0.0,2.2544527871877165
0.46,0.043350123307593,0.0,2.1603651450436026
0.4605,0.0433460310252515,0.0,2.069714067485435
0.461,0.04334193874291,0.0,1.982412456695312
0.4615,0.0433378464605686,0.0,1.8983740884513083
0.462,0.0433337541782271,0.0,1.8175135347871378
0.4625,0.0433296618958856,0.0,1.7397462341434662
0.463,0.0433255696135442,0.0,1.664988231583184
0.4635,0.0433214773312027,0.0,1.5931563314382298
0.464,0.0433173850488612,0.0,1.5241677157424283
0.4645,0.0433132927665197,0.0,1.4579402576363694
0.465,0.0433092004841783,0.0,1.3943920872647422
0.4655,0.0433051082018368,0.0,1.3334420466951962
0.466,0.0433010159194953,0.0,1.2750092622146012
0.4665,0.0432969236371538,0.0,1.2190136897051769
0.467,0.0432928313548124,0.0,1.165375721083529
0.4675,0.0432887390724709,0.0,1.114016747450152
0.468,0.0432846467901294,0.0,1.0648588190130381
0.4685,0.043280554507788,0.0,1.0178251796719897
0.469,0.0432764622254465,0.0,0.9728399845106367
0.4695,0.043272369943105,0.0,0.9298287727587515
0.47,0.0432682776607635,0.0,0.8887182396887809
0.4705,0.0432641853784221,0.0,0.8494366318839353
0.471,0.0432600930960806,0.0,0.8119135668055143
0.4715,0.0432560008137391,0.0,0.7760803465802517
0.472,0.0432519085313976,0.0,0.7418698172949685
0.4725,0.0432478162490562,0.0,0.7092166053214423
0.473,0.0432437239667147,0.0,0.6780570084657
0.4735,0.0432396316843732,0.0,0.6483291631590724
0.474,0.0432355394020318,0.0,0.6199729602747197
0.4745,0.0432314471196903,0.0,0.5929301533925574
0.475,0.0432273548373488,0.0,0.5671442930097242
0.4755,0.0432232625550073,0.0,0.5425607864572418
0.476,0.0432191702726659,0.0,0.5191268451487394
0.4765,0.0432150779903244,0.0,0.49679150622491247
0.477,0.0432109857079829,0.0,0.47550558831870876
0.4775,0.0432068934256414,0.0,0.4552216840705304
0.478,0.0432028011433,0.0,0.4358941205709179
0.4785,0.0431987088609585,0.0,0.4174789307982555
0.479,0.043194616578617,0.0,0.39993381543520373
0.4795,0.0431905242962755,0.0,0.38321810018736785
0.48,0.0431864320139341,0.0,0.36729269605481984
0.4805,0.0431823397315926,0.0,0.3521200484804905
0.481,0.0431782474492511,0.0,0.33766409344397375
0.4815,0.0431741551669097,0.0,0.3238902034935675
0.482,0.0431700628845682,0.0,0.3107651372828885
0.4825,0.0431659706022267,0.0,0.29825698675610296
0.483,0.0431618783198852,0.0,0.28633511814828
0.4835,0.0431577860375438,0.0,0.2749701238613706
0.484,0.0431536937552023,0.0,0.2641337538009814
0.4845,0.0431496014728608,0.0,0.25379887470877466
0.485,0.0431455091905194,0.0,0.2439393925736181
0.4855,0.0431414169081779,0.0,0.23453022116896147
0.486,0.0431373246258364,0.0,0.22554719999144007
0.4865,0.0431332323434949,0.0,0.21696707220015712
0.487,0.0431291400611535,0.0,0.2087674089349539
0.4875,0.043125047778812,0.0,0.2009265943552491
0.488,0.0431209554964705,0.0,0.19342377603892383
0.4885,0.043116863214129,0.0,0.18623885103458837
0.489,0.0431127709317876,0.0,0.17935246970983457
0.4895,0.0431086786494461,0.0,0.17274601194007666
0.49,0.0431045863671046,0.0,0.16640166941648032
0.4905,0.0431004940847632,0.0,0.1603023974057868
0.491,0.0430964018024217,0.0,0.1544320782568701
0.4915,0.0430923095200802,0.0,0.14877543658361828
0.492,0.0430882172377387,0.0,0.1433182475936492
0.4925,0.0430841249553973,0.0,0.1380472171331851
0.493,0.0430800326730558,0.0,0.13295016743377122
0.4935,0.0430759403907143,0.0,0.12801590442694313
0.494,0.0430718481083728,0.0,0.12323431760971645
0.4945,0.0430677558260314,0.0,0.1185962696166812
0.495,0.0430636635436899,0.0,0.1140935839457076
0.4955,0.0430595712613484,0.0,0.10971898399684436
0.496,0.0430554789790069,0.0,0.1054659840061128
0.4965,0.0430513866966655,0.0,0.10132888342876671
0.497,0.043047294414324,0.0,0.0973025992060136
0.4975,0.0430432021319825,0.0,0.09338270282810134
0.498,0.0430391098496411,0.0,0.08956537337123154
0.4985,0.0430350175672996,0.0,0.0858465165407723
0.499,0.0430309252849581,0.0,0.08222626448101801
0.4995,0.0430268330026166,0.0,0.07871345882347625
0.5,0.0430227407202752,0.0,0.07531081528071787
0.5005000000000001,0.0430186484379337,0.0,0.07201788190967569
0.501,0.0430145561555922,0.0,0.06883413992188175
0.5015000000000001,0.0430104638732508,0.0,0.06575897147095577
0.502,0.0430063715909093,0.0,0.06279168215826808
0.5025000000000001,0.0430022793085678,0.0,0.05993147289391849
0.503,0.0429981870262263,0.0,0.057177457027198376
0.5035000000000001,0.0429940947438849,0.0,0.054528638320589747
0.504,0.0429900024615434,0.0,0.05198392112069026
0.5045000000000001,0.0429859101792019,0.0,0.04954209666449672
0.505,0.0429818178968604,0.0,0.04720184477549506
0.5055000000000001,0.042977725614519,0.0,0.04496173077709978
0.506,0.0429736333321775,0.0,0.04282019743736271
0.5065000000000001,0.042969541049836,0.0,0.04077557460414329
0.507,0.0429654487674945,0.0,0.03882606056642894
0.5075000000000001,0.0429613564851531,0.0,0.03696974607203952
0.508,0.0429572642028116,0.0,0.03520458492592811
0.5085000000000001,0.0429531719204701,0.0,0.033528433262554835
0.509,0.0429490796381287,0.0,0.03193901181771918
0.5095000000000001,0.0429449873557872,0.0,0.03043394957561155
